# Lymm deck Python differential reference vectors
# Generated by:
#   python3 research/data/practice-puzzles/deck-swap/generate_reference_vectors.py > research/data/practice-puzzles/deck-swap/python-reference-vectors.txt
# The script executes noita_test_cipher.py's compose/encrypt definitions.
# Hand vector documented in Rust: n=5, base identity, A=(0 2), B=(0 3), A!B -> c!d.
vector ns=1 seed=0x51a7000000000001
[mapping]
A|swaps=48: 56,81,1,4,7,10,13,16,19,22,25,28,31,34,37,40,43,46,49,52,55,58,61,64,67,70,73,76,79,82,2,5,8,11,14,17,20,23,26,29,32,35,38,41,44,47,50,53,78,59,62,65,68,71,74,77,80,0,3,6,9,12,15,18,21,24,27,30,33,36,39,42,45,48,51,54,57,60,63,66,69,72,75
B|swaps=46: 50,81,1,4,7,10,13,16,19,22,25,28,31,34,37,40,43,46,49,52,55,58,61,64,67,70,73,76,79,82,2,5,8,11,14,17,20,23,26,29,32,35,38,41,44,47,78,53,56,59,62,65,68,71,74,77,80,0,3,6,9,12,15,18,21,24,27,30,33,36,39,42,45,48,51,54,57,60,63,66,69,72,75
C|swaps=3: 4,81,1,78,7,10,13,16,19,22,25,28,31,34,37,40,43,46,49,52,55,58,61,64,67,70,73,76,79,82,2,5,8,11,14,17,20,23,26,29,32,35,38,41,44,47,50,53,56,59,62,65,68,71,74,77,80,0,3,6,9,12,15,18,21,24,27,30,33,36,39,42,45,48,51,54,57,60,63,66,69,72,75
D|swaps=21: 58,81,1,4,7,10,13,16,19,22,25,28,31,34,37,40,43,46,49,52,55,78,61,64,67,70,73,76,79,82,2,5,8,11,14,17,20,23,26,29,32,35,38,41,44,47,50,53,56,59,62,65,68,71,74,77,80,0,3,6,9,12,15,18,21,24,27,30,33,36,39,42,45,48,51,54,57,60,63,66,69,72,75
E|swaps=79: 66,81,1,4,7,10,13,16,19,22,25,28,31,34,37,40,43,46,49,52,55,58,61,64,67,70,73,76,79,82,2,5,8,11,14,17,20,23,26,29,32,35,38,41,44,47,50,53,56,59,62,65,68,71,74,77,80,0,3,6,9,12,15,18,21,24,27,30,33,36,39,42,45,48,51,54,57,60,63,78,69,72,75
F|swaps=30: 2,81,1,4,7,10,13,16,19,22,25,28,31,34,37,40,43,46,49,52,55,58,61,64,67,70,73,76,79,82,78,5,8,11,14,17,20,23,26,29,32,35,38,41,44,47,50,53,56,59,62,65,68,71,74,77,80,0,3,6,9,12,15,18,21,24,27,30,33,36,39,42,45,48,51,54,57,60,63,66,69,72,75
G|swaps=53: 71,81,1,4,7,10,13,16,19,22,25,28,31,34,37,40,43,46,49,52,55,58,61,64,67,70,73,76,79,82,2,5,8,11,14,17,20,23,26,29,32,35,38,41,44,47,50,53,56,59,62,65,68,78,74,77,80,0,3,6,9,12,15,18,21,24,27,30,33,36,39,42,45,48,51,54,57,60,63,66,69,72,75
H|swaps=40: 32,81,1,4,7,10,13,16,19,22,25,28,31,34,37,40,43,46,49,52,55,58,61,64,67,70,73,76,79,82,2,5,8,11,14,17,20,23,26,29,78,35,38,41,44,47,50,53,56,59,62,65,68,71,74,77,80,0,3,6,9,12,15,18,21,24,27,30,33,36,39,42,45,48,51,54,57,60,63,66,69,72,75
I|swaps=5: 10,81,1,4,7,78,13,16,19,22,25,28,31,34,37,40,43,46,49,52,55,58,61,64,67,70,73,76,79,82,2,5,8,11,14,17,20,23,26,29,32,35,38,41,44,47,50,53,56,59,62,65,68,71,74,77,80,0,3,6,9,12,15,18,21,24,27,30,33,36,39,42,45,48,51,54,57,60,63,66,69,72,75
J|swaps=6: 13,81,1,4,7,10,78,16,19,22,25,28,31,34,37,40,43,46,49,52,55,58,61,64,67,70,73,76,79,82,2,5,8,11,14,17,20,23,26,29,32,35,38,41,44,47,50,53,56,59,62,65,68,71,74,77,80,0,3,6,9,12,15,18,21,24,27,30,33,36,39,42,45,48,51,54,57,60,63,66,69,72,75
K|swaps=32: 8,81,1,4,7,10,13,16,19,22,25,28,31,34,37,40,43,46,49,52,55,58,61,64,67,70,73,76,79,82,2,5,78,11,14,17,20,23,26,29,32,35,38,41,44,47,50,53,56,59,62,65,68,71,74,77,80,0,3,6,9,12,15,18,21,24,27,30,33,36,39,42,45,48,51,54,57,60,63,66,69,72,75
L|swaps=70: 39,81,1,4,7,10,13,16,19,22,25,28,31,34,37,40,43,46,49,52,55,58,61,64,67,70,73,76,79,82,2,5,8,11,14,17,20,23,26,29,32,35,38,41,44,47,50,53,56,59,62,65,68,71,74,77,80,0,3,6,9,12,15,18,21,24,27,30,33,36,78,42,45,48,51,54,57,60,63,66,69,72,75
M|swaps=25: 70,81,1,4,7,10,13,16,19,22,25,28,31,34,37,40,43,46,49,52,55,58,61,64,67,78,73,76,79,82,2,5,8,11,14,17,20,23,26,29,32,35,38,41,44,47,50,53,56,59,62,65,68,71,74,77,80,0,3,6,9,12,15,18,21,24,27,30,33,36,39,42,45,48,51,54,57,60,63,66,69,72,75
N|swaps=73: 48,81,1,4,7,10,13,16,19,22,25,28,31,34,37,40,43,46,49,52,55,58,61,64,67,70,73,76,79,82,2,5,8,11,14,17,20,23,26,29,32,35,38,41,44,47,50,53,56,59,62,65,68,71,74,77,80,0,3,6,9,12,15,18,21,24,27,30,33,36,39,42,45,78,51,54,57,60,63,66,69,72,75
O|swaps=7: 16,81,1,4,7,10,13,78,19,22,25,28,31,34,37,40,43,46,49,52,55,58,61,64,67,70,73,76,79,82,2,5,8,11,14,17,20,23,26,29,32,35,38,41,44,47,50,53,56,59,62,65,68,71,74,77,80,0,3,6,9,12,15,18,21,24,27,30,33,36,39,42,45,48,51,54,57,60,63,66,69,72,75
P|swaps=72: 45,81,1,4,7,10,13,16,19,22,25,28,31,34,37,40,43,46,49,52,55,58,61,64,67,70,73,76,79,82,2,5,8,11,14,17,20,23,26,29,32,35,38,41,44,47,50,53,56,59,62,65,68,71,74,77,80,0,3,6,9,12,15,18,21,24,27,30,33,36,39,42,78,48,51,54,57,60,63,66,69,72,75
Q|swaps=18: 49,81,1,4,7,10,13,16,19,22,25,28,31,34,37,40,43,46,78,52,55,58,61,64,67,70,73,76,79,82,2,5,8,11,14,17,20,23,26,29,32,35,38,41,44,47,50,53,56,59,62,65,68,71,74,77,80,0,3,6,9,12,15,18,21,24,27,30,33,36,39,42,45,48,51,54,57,60,63,66,69,72,75
R|swaps=52: 68,81,1,4,7,10,13,16,19,22,25,28,31,34,37,40,43,46,49,52,55,58,61,64,67,70,73,76,79,82,2,5,8,11,14,17,20,23,26,29,32,35,38,41,44,47,50,53,56,59,62,65,78,71,74,77,80,0,3,6,9,12,15,18,21,24,27,30,33,36,39,42,45,48,51,54,57,60,63,66,69,72,75
S|swaps=39: 29,81,1,4,7,10,13,16,19,22,25,28,31,34,37,40,43,46,49,52,55,58,61,64,67,70,73,76,79,82,2,5,8,11,14,17,20,23,26,78,32,35,38,41,44,47,50,53,56,59,62,65,68,71,74,77,80,0,3,6,9,12,15,18,21,24,27,30,33,36,39,42,45,48,51,54,57,60,63,66,69,72,75
T|swaps=22: 61,81,1,4,7,10,13,16,19,22,25,28,31,34,37,40,43,46,49,52,55,58,78,64,67,70,73,76,79,82,2,5,8,11,14,17,20,23,26,29,32,35,38,41,44,47,50,53,56,59,62,65,68,71,74,77,80,0,3,6,9,12,15,18,21,24,27,30,33,36,39,42,45,48,51,54,57,60,63,66,69,72,75
U|swaps=28: 79,81,1,4,7,10,13,16,19,22,25,28,31,34,37,40,43,46,49,52,55,58,61,64,67,70,73,76,78,82,2,5,8,11,14,17,20,23,26,29,32,35,38,41,44,47,50,53,56,59,62,65,68,71,74,77,80,0,3,6,9,12,15,18,21,24,27,30,33,36,39,42,45,48,51,54,57,60,63,66,69,72,75
V|swaps=61: 12,81,1,4,7,10,13,16,19,22,25,28,31,34,37,40,43,46,49,52,55,58,61,64,67,70,73,76,79,82,2,5,8,11,14,17,20,23,26,29,32,35,38,41,44,47,50,53,56,59,62,65,68,71,74,77,80,0,3,6,9,78,15,18,21,24,27,30,33,36,39,42,45,48,51,54,57,60,63,66,69,72,75
W|swaps=36: 20,81,1,4,7,10,13,16,19,22,25,28,31,34,37,40,43,46,49,52,55,58,61,64,67,70,73,76,79,82,2,5,8,11,14,17,78,23,26,29,32,35,38,41,44,47,50,53,56,59,62,65,68,71,74,77,80,0,3,6,9,12,15,18,21,24,27,30,33,36,39,42,45,48,51,54,57,60,63,66,69,72,75
X|swaps=34: 14,81,1,4,7,10,13,16,19,22,25,28,31,34,37,40,43,46,49,52,55,58,61,64,67,70,73,76,79,82,2,5,8,11,78,17,20,23,26,29,32,35,38,41,44,47,50,53,56,59,62,65,68,71,74,77,80,0,3,6,9,12,15,18,21,24,27,30,33,36,39,42,45,48,51,54,57,60,63,66,69,72,75
Y|swaps=11: 28,81,1,4,7,10,13,16,19,22,25,78,31,34,37,40,43,46,49,52,55,58,61,64,67,70,73,76,79,82,2,5,8,11,14,17,20,23,26,29,32,35,38,41,44,47,50,53,56,59,62,65,68,71,74,77,80,0,3,6,9,12,15,18,21,24,27,30,33,36,39,42,45,48,51,54,57,60,63,66,69,72,75
Z|swaps=66: 27,81,1,4,7,10,13,16,19,22,25,28,31,34,37,40,43,46,49,52,55,58,61,64,67,70,73,76,79,82,2,5,8,11,14,17,20,23,26,29,32,35,38,41,44,47,50,53,56,59,62,65,68,71,74,77,80,0,3,6,9,12,15,18,21,24,78,30,33,36,39,42,45,48,51,54,57,60,63,66,69,72,75
[ciphertexts]
1: ^)mW5R)9W65)-`6BEh)1m3jYQC1hYlm17YP\Wo0d\1oq&(\km&R#2Fe5f8F&5si'F_s8?pnF*Dp%@TeY%mSHV4mSWVUmPHV,RPqVo";3Uok"7mos"]mEs`#K*F`,KV&cX_kFm<5kWm+:5@m<jO15BeOpU_&Neoj&!ngT+@>)(.b+Z].hlr#n'9JlW+9aJ0Z95d'+95YASa5*/Q8,agSdoFgIqb2FiqoV7CF[=7BCX=8s<cgdsClbih?Cris\kYFRlk-Y+bk26SIK3!lIBEVS!(B^SI)T/B4fTp/1f8[9>?=H8qP7#^)?7O
2: Qc>ZpXT9c?lT#icPTFpc;WDpR(dF6ZodD^E0dL"Z03sPHN%s"H*8k@rH8Vor,8l!G./PIO;/5!_T#5bH;#JqQh2JgTh13*0/[X*E/iXW6/L.=p[LQ=gn7$B]D:7B](:;B'Q(SlDQ9+rD@96+DNV6+LD)!bY9V!b"K.5j=9"P:gs-+R%g0&:+Y!0e,Ei4H.EF6fX8?cFV0&O':J=f;2JeNqIJ=N>AW=n!^1$UkJ1CRAJk+UATodUc/kdQc=/`^c2?j7i2/jL4h2rLiS9#2%)90]aC9cl8g+!lZg(!R8gN6RmgKHRsg7H,p-W/1p@W[>g-W[qLHO5qb:^P(7+f1X*7IG(1;[Tr'd5\
3: [:ri!c:n>*!?ni+NV!K"NGQ2ThG!s"hYq4"@Lp4g@oL4f,o20I_59kR!JE1R_Jl%O16k%)D:e%OP:<%FPjqB>$Anq>$dno>.#fD>O"'W@_nfW@L!T,imnLJ<1rV>`)&,>blqYaboKN>YUbS3Y;Ra3jd9EW/Xl(ngXN8hVgA8ni*?8on*-9oK*P9)l+&:Lk+1!Ckep"lUn:D,ISpDTP_XATJ^Fq'J^iq=JsiWq$0-W/$@-<E*O%#E;O5N$*O54"-7>4RHTB^@K\#2G@Jm^#$5Jb&Al9
4: ^)mfZW)3k_o#T&i_#=Xs;#0=sb^0Zg]sU_o-[%_r-Qil;E:ClB;dol<%WVlQ%2m4lq2rGFq'$eRq2he+q8hY+CqL69C1L/9@a_(9RPK]j%L_]jUZ=5slLUbXg*`9,Fc59Om6i?O/<W9isU<J.eo>)<$D>:1UDp[LU+>B-b+_8B%:_!ol:r`X;HR&#`I!CG`0.CkPm.7k)L,2faFJ-j'aJ!)don!NK\3j"a\S3ea<H8:3Eg8p3@gPp46qKp"XB9T]V#?;TV#(;!V+UoBfr0;U5F=lk+r=la-jYml2L=j['Z&NsF
5: ^)mW>QXRKT0-a`TBEH1`/EaFYfEUaY"QUeYdQD0g2'6=g%.b=k*+0pa'AOi<*ACdoT/C[#5I][#FIn[GFRIqs"RKq\"$XY4&NX!4LBqY4L;+"?,;^hCP#\e_N@j\[8#NqL[c2/0QFcH@QG-f01WVf9X6%@mN6Ah7YT:<Ajf+gS.Dj7ELD9Js(DjJ$?kqbJ?I'sJr,8s\]78hZs!NRInKNq]/EiqPo5C-*K5;-2K"0PHIC[P(Aa[3(LaV<:ra5D.eUN(:eUmdn1#E(m92iBja^FiT\2a
6: [:ri!c:n>B^"nR6PdnVGljQJ/bZY`gbjYNEXK&YEH8V@bHTCcb?DV(r*a1o'?aWX[8lWQ#5e]Q#Je:QSJ@eqsi@kq_i60I/<,0d/\PqI/\;DiBp;OhW%#_NA,R2_Qf#,q\Qj!lVKJjnRKSYUV.ELU90"HRo*EV<]orb<A6K=#"6-b$^>-eba34J*5G7Jb5iP^?&i.nEX:JnfF[Jlf2FJho2P;5mdH1ND(m;N+dm,Ne>$hRkZ$]Rj\5naO\$n:'*Y^n'BN^.'i=%KA5!47AJb1CALQbH58qbD5@q_oe%q!rPSla6)FqS;"+Fd9);
8: ^)mW>QXRKT0-a`TBEH1`/EaFYfEUaY"QUeYdQD0g2'6=g%.b=k*+0pa'AOi<*ACdoT/C[#5I][#FIn[GFRIqs"RKq\"$XY4&NX!4LBqY4L;+"?,;^hCP#\e_N@j\[8#NqL[c2/0QFcH@QG-f01WVf9X6%@mN6Ah7YT:<Ajf+gS.Dj7ELD9Js(DjJ$?kqbJ?I'sJr,8s\]78hZs!NRInKNq]/EiqPo5C-*K5;-2K"0PHIC[P(Aa[3(LaV<:ra5D.eUN(:eUmdn1#E(m92iBja^FiT\2a
9: pY%ZoTg]COb^n@Ci^]>K;CQPK`E]PBK5QP-4h@q[jc=B[]X8Bd'7EB?o7:<N-lDF:\n1IT[rKNSerda9$rKam&^,Oa&ACTm&F]>*pF]i*VFg(*#E/(<#_/Q@GiUL@Ri27#Gi2n=/%)nZWms\_-'L!q_V"\LJs4YL6(4)_1s^O,1(>),SB=&)7JO]AZJL:SZ0O[:`0L$n<U6$r2*@D#XUoD%TZ@:IP$H'I^]_)IF?_eIS?3oTF`3m5$Jq;G]J8;j]bcp<]S7RKVr;pKVgZ*s"^;gHo#l=]/n,s]>#`[('U*X5P'+.(X9P$&X2
end
vector ns=1 seed=0x51a7000000010001
[mapping]
A|swaps=70: 39,81,1,4,7,10,13,16,19,22,25,28,31,34,37,40,43,46,49,52,55,58,61,64,67,70,73,76,79,82,2,5,8,11,14,17,20,23,26,29,32,35,38,41,44,47,50,53,56,59,62,65,68,71,74,77,80,0,3,6,9,12,15,18,21,24,27,30,33,36,78,42,45,48,51,54,57,60,63,66,69,72,75
B|swaps=12: 31,81,1,4,7,10,13,16,19,22,25,28,78,34,37,40,43,46,49,52,55,58,61,64,67,70,73,76,79,82,2,5,8,11,14,17,20,23,26,29,32,35,38,41,44,47,50,53,56,59,62,65,68,71,74,77,80,0,3,6,9,12,15,18,21,24,27,30,33,36,39,42,45,48,51,54,57,60,63,66,69,72,75
C|swaps=25: 70,81,1,4,7,10,13,16,19,22,25,28,31,34,37,40,43,46,49,52,55,58,61,64,67,78,73,76,79,82,2,5,8,11,14,17,20,23,26,29,32,35,38,41,44,47,50,53,56,59,62,65,68,71,74,77,80,0,3,6,9,12,15,18,21,24,27,30,33,36,39,42,45,48,51,54,57,60,63,66,69,72,75
D|swaps=67: 30,81,1,4,7,10,13,16,19,22,25,28,31,34,37,40,43,46,49,52,55,58,61,64,67,70,73,76,79,82,2,5,8,11,14,17,20,23,26,29,32,35,38,41,44,47,50,53,56,59,62,65,68,71,74,77,80,0,3,6,9,12,15,18,21,24,27,78,33,36,39,42,45,48,51,54,57,60,63,66,69,72,75
E|swaps=52: 68,81,1,4,7,10,13,16,19,22,25,28,31,34,37,40,43,46,49,52,55,58,61,64,67,70,73,76,79,82,2,5,8,11,14,17,20,23,26,29,32,35,38,41,44,47,50,53,56,59,62,65,78,71,74,77,80,0,3,6,9,12,15,18,21,24,27,30,33,36,39,42,45,48,51,54,57,60,63,66,69,72,75
F|swaps=41: 35,81,1,4,7,10,13,16,19,22,25,28,31,34,37,40,43,46,49,52,55,58,61,64,67,70,73,76,79,82,2,5,8,11,14,17,20,23,26,29,32,78,38,41,44,47,50,53,56,59,62,65,68,71,74,77,80,0,3,6,9,12,15,18,21,24,27,30,33,36,39,42,45,48,51,54,57,60,63,66,69,72,75
G|swaps=37: 23,81,1,4,7,10,13,16,19,22,25,28,31,34,37,40,43,46,49,52,55,58,61,64,67,70,73,76,79,82,2,5,8,11,14,17,20,78,26,29,32,35,38,41,44,47,50,53,56,59,62,65,68,71,74,77,80,0,3,6,9,12,15,18,21,24,27,30,33,36,39,42,45,48,51,54,57,60,63,66,69,72,75
H|swaps=81: 72,81,1,4,7,10,13,16,19,22,25,28,31,34,37,40,43,46,49,52,55,58,61,64,67,70,73,76,79,82,2,5,8,11,14,17,20,23,26,29,32,35,38,41,44,47,50,53,56,59,62,65,68,71,74,77,80,0,3,6,9,12,15,18,21,24,27,30,33,36,39,42,45,48,51,54,57,60,63,66,69,78,75
I|swaps=69: 36,81,1,4,7,10,13,16,19,22,25,28,31,34,37,40,43,46,49,52,55,58,61,64,67,70,73,76,79,82,2,5,8,11,14,17,20,23,26,29,32,35,38,41,44,47,50,53,56,59,62,65,68,71,74,77,80,0,3,6,9,12,15,18,21,24,27,30,33,78,39,42,45,48,51,54,57,60,63,66,69,72,75
J|swaps=53: 71,81,1,4,7,10,13,16,19,22,25,28,31,34,37,40,43,46,49,52,55,58,61,64,67,70,73,76,79,82,2,5,8,11,14,17,20,23,26,29,32,35,38,41,44,47,50,53,56,59,62,65,68,78,74,77,80,0,3,6,9,12,15,18,21,24,27,30,33,36,39,42,45,48,51,54,57,60,63,66,69,72,75
K|swaps=10: 25,81,1,4,7,10,13,16,19,22,78,28,31,34,37,40,43,46,49,52,55,58,61,64,67,70,73,76,79,82,2,5,8,11,14,17,20,23,26,29,32,35,38,41,44,47,50,53,56,59,62,65,68,71,74,77,80,0,3,6,9,12,15,18,21,24,27,30,33,36,39,42,45,48,51,54,57,60,63,66,69,72,75
L|swaps=20: 55,81,1,4,7,10,13,16,19,22,25,28,31,34,37,40,43,46,49,52,78,58,61,64,67,70,73,76,79,82,2,5,8,11,14,17,20,23,26,29,32,35,38,41,44,47,50,53,56,59,62,65,68,71,74,77,80,0,3,6,9,12,15,18,21,24,27,30,33,36,39,42,45,48,51,54,57,60,63,66,69,72,75
M|swaps=29: 82,81,1,4,7,10,13,16,19,22,25,28,31,34,37,40,43,46,49,52,55,58,61,64,67,70,73,76,79,78,2,5,8,11,14,17,20,23,26,29,32,35,38,41,44,47,50,53,56,59,62,65,68,71,74,77,80,0,3,6,9,12,15,18,21,24,27,30,33,36,39,42,45,48,51,54,57,60,63,66,69,72,75
N|swaps=61: 12,81,1,4,7,10,13,16,19,22,25,28,31,34,37,40,43,46,49,52,55,58,61,64,67,70,73,76,79,82,2,5,8,11,14,17,20,23,26,29,32,35,38,41,44,47,50,53,56,59,62,65,68,71,74,77,80,0,3,6,9,78,15,18,21,24,27,30,33,36,39,42,45,48,51,54,57,60,63,66,69,72,75
O|swaps=0: 78,81,1,4,7,10,13,16,19,22,25,28,31,34,37,40,43,46,49,52,55,58,61,64,67,70,73,76,79,82,2,5,8,11,14,17,20,23,26,29,32,35,38,41,44,47,50,53,56,59,62,65,68,71,74,77,80,0,3,6,9,12,15,18,21,24,27,30,33,36,39,42,45,48,51,54,57,60,63,66,69,72,75
P|swaps=72: 45,81,1,4,7,10,13,16,19,22,25,28,31,34,37,40,43,46,49,52,55,58,61,64,67,70,73,76,79,82,2,5,8,11,14,17,20,23,26,29,32,35,38,41,44,47,50,53,56,59,62,65,68,71,74,77,80,0,3,6,9,12,15,18,21,24,27,30,33,36,39,42,78,48,51,54,57,60,63,66,69,72,75
Q|swaps=63: 18,81,1,4,7,10,13,16,19,22,25,28,31,34,37,40,43,46,49,52,55,58,61,64,67,70,73,76,79,82,2,5,8,11,14,17,20,23,26,29,32,35,38,41,44,47,50,53,56,59,62,65,68,71,74,77,80,0,3,6,9,12,15,78,21,24,27,30,33,36,39,42,45,48,51,54,57,60,63,66,69,72,75
R|swaps=3: 4,81,1,78,7,10,13,16,19,22,25,28,31,34,37,40,43,46,49,52,55,58,61,64,67,70,73,76,79,82,2,5,8,11,14,17,20,23,26,29,32,35,38,41,44,47,50,53,56,59,62,65,68,71,74,77,80,0,3,6,9,12,15,18,21,24,27,30,33,36,39,42,45,48,51,54,57,60,63,66,69,72,75
S|swaps=42: 38,81,1,4,7,10,13,16,19,22,25,28,31,34,37,40,43,46,49,52,55,58,61,64,67,70,73,76,79,82,2,5,8,11,14,17,20,23,26,29,32,35,78,41,44,47,50,53,56,59,62,65,68,71,74,77,80,0,3,6,9,12,15,18,21,24,27,30,33,36,39,42,45,48,51,54,57,60,63,66,69,72,75
T|swaps=79: 66,81,1,4,7,10,13,16,19,22,25,28,31,34,37,40,43,46,49,52,55,58,61,64,67,70,73,76,79,82,2,5,8,11,14,17,20,23,26,29,32,35,38,41,44,47,50,53,56,59,62,65,68,71,74,77,80,0,3,6,9,12,15,18,21,24,27,30,33,36,39,42,45,48,51,54,57,60,63,78,69,72,75
U|swaps=71: 42,81,1,4,7,10,13,16,19,22,25,28,31,34,37,40,43,46,49,52,55,58,61,64,67,70,73,76,79,82,2,5,8,11,14,17,20,23,26,29,32,35,38,41,44,47,50,53,56,59,62,65,68,71,74,77,80,0,3,6,9,12,15,18,21,24,27,30,33,36,39,78,45,48,51,54,57,60,63,66,69,72,75
V|swaps=5: 10,81,1,4,7,78,13,16,19,22,25,28,31,34,37,40,43,46,49,52,55,58,61,64,67,70,73,76,79,82,2,5,8,11,14,17,20,23,26,29,32,35,38,41,44,47,50,53,56,59,62,65,68,71,74,77,80,0,3,6,9,12,15,18,21,24,27,30,33,36,39,42,45,48,51,54,57,60,63,66,69,72,75
W|swaps=50: 62,81,1,4,7,10,13,16,19,22,25,28,31,34,37,40,43,46,49,52,55,58,61,64,67,70,73,76,79,82,2,5,8,11,14,17,20,23,26,29,32,35,38,41,44,47,50,53,56,59,78,65,68,71,74,77,80,0,3,6,9,12,15,18,21,24,27,30,33,36,39,42,45,48,51,54,57,60,63,66,69,72,75
X|swaps=66: 27,81,1,4,7,10,13,16,19,22,25,28,31,34,37,40,43,46,49,52,55,58,61,64,67,70,73,76,79,82,2,5,8,11,14,17,20,23,26,29,32,35,38,41,44,47,50,53,56,59,62,65,68,71,74,77,80,0,3,6,9,12,15,18,21,24,78,30,33,36,39,42,45,48,51,54,57,60,63,66,69,72,75
Y|swaps=7: 16,81,1,4,7,10,13,78,19,22,25,28,31,34,37,40,43,46,49,52,55,58,61,64,67,70,73,76,79,82,2,5,8,11,14,17,20,23,26,29,32,35,38,41,44,47,50,53,56,59,62,65,68,71,74,77,80,0,3,6,9,12,15,18,21,24,27,30,33,36,39,42,45,48,51,54,57,60,63,66,69,72,75
Z|swaps=43: 41,81,1,4,7,10,13,16,19,22,25,28,31,34,37,40,43,46,49,52,55,58,61,64,67,70,73,76,79,82,2,5,8,11,14,17,20,23,26,29,32,35,38,78,44,47,50,53,56,59,62,65,68,71,74,77,80,0,3,6,9,12,15,18,21,24,27,30,33,36,39,42,45,48,51,54,57,60,63,66,69,72,75
[ciphertexts]
1: cN,QWb<EZaXNT"W%o&p;`2?sfq,Fpl$2#s5$kR&)L%#1):Y9SQfn+6.H$kSsfikP>_$%C?<9OC>@`qR6<qW4V*`L-6(q\%V=ZL56[Zg5e=h#.j[*gKeXh8A]Xsg2e3>TQ!S=nWR3=Td\PGn8JkE2qJPH2;,)Z2lJUX_lie#of@a*+firk&TCp>`JC-k1(F5>#($@k1?:@d#^!.=PCmoe'/!o:3*7Eeks&Q#as7qVGZ]\0_1;qo%I^)D2I;&n>f`&b2p4$U>_4IQJh4NU5A+;eiEWN&608rO6EVY@DaHS@k,KepL5-PI&,'
2: -GW=JkoE0XkGi7[.oi*Xg;Y7Q:fa5):;(")pf",S:`2mnQU"YSlU9W>$k@CS^UNLdhpcAdsUV"4X6c@,>U@Z3J[cZa>FArb0R%Z'>PAeO0LKCO2PDe]pokh)+ine]"odhH$*dhq"Q8;H&*V/q^j8;2f<%72O$8;035r`BHV\ANH2>Xm=T9%O!&'QOWg$?6!Y$]l)-1m*p3IUFed^o[pVn$]e!^q]PV/j(R)A@,PKAg(<0l@=70A^b]NA@U_:H^14;8lU(:Jl'?c8d[jh@"[?EV"3jPRH.j%Vs3BPp8.$=VW39=p7.L(OU-rnJ7-L1Jh8rnfA<XgJAE/\`'Eh$ZNRTo18!.o]8YI&
3: ?5OSpD<>SlXrO)iF@=+iXQCdhX@5s/0@5Th$(:s_06GTL%(<BZcU4B7Y3D:ZhUN:#6UgC[8Ug:O`!JC-8^\FjHW0q-8r\9jbLRf-VkT;oVc^f-12<ZD)89l]78V'i&8Sl:(5I.iC?[<)B9\<ir96Tha7_P.W*>/sa1$e0A%>\f'E$;#A,"\U'@$-nYrg-k'XF4n9qhbN:`obW!*hpLk)rbkaS(GL;&rQk[S-"1AlrRk,SeK7<JFR7,sF`Q<JOg>3NFg*L$#n*`[8h@D^sQXk_AQ%5<
4: cN,+Qb<O-9?gdrs^<1mKag_>sJq1)-6O%5=\`T)[6/#j+:/G)$3".jLUo@)Z32^%Slo<%>3W]%>lKn_f3&]q>/pkcE3R]F>'HCeEV+,;8V\&eEi:IZ@73F#OL3V"963h#%B1YQ9_f5I7PS=H7.b$!6ab=*6-imG+a7fc+aik]R84f$(9id%I9oE_Q7rj#29r._J>)jn2m6Y/$A6!U&-WY'[l@OUR/BOCR%@TbV/A+i5W(+b"/L)F5Qrn?"sE_f<6`J!e1E_;<.`g7P0NH9?GRHpoGT%9?h$>q':5Og045iK091
5: cN,Q]%H^)@d#T"]'oV[+j#<RLWo46+Yn<sL8o\bh!-\PLgkfbclQq:_5>q@JdQ;*P=!qP]O0K*4D!7PBO\n'+S!CPYOV&%mrkC%Y"k57mr?-#E:k-d*o6bd5B2Q8F3"7gPH+7jIm]41aHoT"d9oT1GjiTlCWoDlA'[NnH-BfKc<s1L=PB7.lAsoL:AQ]JFd/PO:g/jJ_erP76sn&N$(@PYSEcQN\`5s>\.c=Nq`#E*lXobN/:OE<lmoG_3"OiJBphi8*"OT%0@$DEmU9nEi7,CY2Pp8
6: ?5OSpD<>SWo]O7e-]>G:LHCd=K@r1SLDCES*IqP_0I5PV*.TR_X.@Jb=3@l+S.;\Pe0@P`aF!\rj0[PBa5D-ZQ0^PLa>&k7Ao^kL"o=[7A8IH,JoIS\?1RS=B$.pcs"[*PfZ[U]7`r/#f?O"S9?O/'UiOX!6L\JnNg5XF@KI42N!?-2NKE;%akiW<F@E5%H@V8)Ffrj3FeVhB#f:j]Yes`B2n7X5!n&'D4F7Gh!(&KhON$?g!N&l%.qF7gDN*7H->0sL,Nd7+)"=$Go"Z7r;BZ$pbj?PE8B]$(b21e^8Ck!'/OL&@p?ifhN%_]b
8: cN,Q]%H^)@d#T"]'oV[+j#<RLWo46+Yn<sL8o\bh!-\PLgkfbclQq:_5>q@JdQ;*P=!qP]O0K*4D!7PBO\n'+S!CPYOV&%mrkC%Y"k57mr?-#E:k-d*o6bd5B2Q8F3"7gPH+7jIm]41aHoT"d9oT1GjiTlCWoDlA'[NnH-BfKc<s1L=PB7.lAsoL:AQ]JFd/PO:g/jJ_erP76sn&N$(@PYSEcQN\`5s>\.c=Nq`#E*lXobN/:OE<lmoG_3"OiJBphi8*"OT%0@$DEmU9nEi7,CY2Pp8
9: K@"=Jq@bso&kOC7V@Bh[gm>h7Ea.Se9%(hr$n<m'^&<PrDIfm5`W?PJYIkPKLGd6^1gaN\scZqp]g(QPKcIq8K>n-7rX,?NK,.[*TXY2NE,Fe*aAd2^E=F9sb!C<^b=:<IN!COVSR5<VnT$i]nI,#-?j`:N<'eQ-<g`>YD7l=Y<n\,.K3cU1@"PXBN3hXL@[7F5I3nJqo%RFgf!Gc^*NQFAV.[l'O84+A>R=+'0Y4bALRmTJCV4"?g19a?^Vf"@g)PEr^i/$k6iN4r^!eGOl(V@]DoViQpUV&]p6F7qp-)RSsTWf@o#iH@s3
end
vector ns=2 seed=0x51a7000000000002
[mapping]
A|swaps=42,78: 63,81,1,4,7,10,13,16,19,22,25,28,31,34,37,40,43,46,49,52,55,58,61,64,67,70,73,76,79,82,2,5,8,11,14,17,20,23,26,29,32,35,78,41,44,47,50,53,56,59,62,65,68,71,74,77,80,0,3,6,9,12,15,18,21,24,27,30,33,36,39,42,45,48,51,54,57,60,38,66,69,72,75
B|swaps=26,47: 53,81,1,4,7,10,13,16,19,22,25,28,31,34,37,40,43,46,49,52,55,58,61,64,67,70,78,76,79,82,2,5,8,11,14,17,20,23,26,29,32,35,38,41,44,47,50,73,56,59,62,65,68,71,74,77,80,0,3,6,9,12,15,18,21,24,27,30,33,36,39,42,45,48,51,54,57,60,63,66,69,72,75
C|swaps=35,12: 31,81,1,4,7,10,13,16,19,22,25,28,17,34,37,40,43,46,49,52,55,58,61,64,67,70,73,76,79,82,2,5,8,11,14,78,20,23,26,29,32,35,38,41,44,47,50,53,56,59,62,65,68,71,74,77,80,0,3,6,9,12,15,18,21,24,27,30,33,36,39,42,45,48,51,54,57,60,63,66,69,72,75
D|swaps=52,74: 51,81,1,4,7,10,13,16,19,22,25,28,31,34,37,40,43,46,49,52,55,58,61,64,67,70,73,76,79,82,2,5,8,11,14,17,20,23,26,29,32,35,38,41,44,47,50,53,56,59,62,65,78,71,74,77,80,0,3,6,9,12,15,18,21,24,27,30,33,36,39,42,45,48,68,54,57,60,63,66,69,72,75
E|swaps=18,61: 12,81,1,4,7,10,13,16,19,22,25,28,31,34,37,40,43,46,78,52,55,58,61,64,67,70,73,76,79,82,2,5,8,11,14,17,20,23,26,29,32,35,38,41,44,47,50,53,56,59,62,65,68,71,74,77,80,0,3,6,9,49,15,18,21,24,27,30,33,36,39,42,45,48,51,54,57,60,63,66,69,72,75
F|swaps=0,27: 76,81,1,4,7,10,13,16,19,22,25,28,31,34,37,40,43,46,49,52,55,58,61,64,67,70,73,78,79,82,2,5,8,11,14,17,20,23,26,29,32,35,38,41,44,47,50,53,56,59,62,65,68,71,74,77,80,0,3,6,9,12,15,18,21,24,27,30,33,36,39,42,45,48,51,54,57,60,63,66,69,72,75
G|swaps=64,21: 58,81,1,4,7,10,13,16,19,22,25,28,31,34,37,40,43,46,49,52,55,21,61,64,67,70,73,76,79,82,2,5,8,11,14,17,20,23,26,29,32,35,38,41,44,47,50,53,56,59,62,65,68,71,74,77,80,0,3,6,9,12,15,18,78,24,27,30,33,36,39,42,45,48,51,54,57,60,63,66,69,72,75
H|swaps=41,10: 25,81,1,4,7,10,13,16,19,22,35,28,31,34,37,40,43,46,49,52,55,58,61,64,67,70,73,76,79,82,2,5,8,11,14,17,20,23,26,29,32,78,38,41,44,47,50,53,56,59,62,65,68,71,74,77,80,0,3,6,9,12,15,18,21,24,27,30,33,36,39,42,45,48,51,54,57,60,63,66,69,72,75
I|swaps=9,30: 2,81,1,4,7,10,13,16,19,78,25,28,31,34,37,40,43,46,49,52,55,58,61,64,67,70,73,76,79,82,22,5,8,11,14,17,20,23,26,29,32,35,38,41,44,47,50,53,56,59,62,65,68,71,74,77,80,0,3,6,9,12,15,18,21,24,27,30,33,36,39,42,45,48,51,54,57,60,63,66,69,72,75
J|swaps=10,66: 27,81,1,4,7,10,13,16,19,22,78,28,31,34,37,40,43,46,49,52,55,58,61,64,67,70,73,76,79,82,2,5,8,11,14,17,20,23,26,29,32,35,38,41,44,47,50,53,56,59,62,65,68,71,74,77,80,0,3,6,9,12,15,18,21,24,25,30,33,36,39,42,45,48,51,54,57,60,63,66,69,72,75
K|swaps=51,20: 55,81,1,4,7,10,13,16,19,22,25,28,31,34,37,40,43,46,49,52,65,58,61,64,67,70,73,76,79,82,2,5,8,11,14,17,20,23,26,29,32,35,38,41,44,47,50,53,56,59,62,78,68,71,74,77,80,0,3,6,9,12,15,18,21,24,27,30,33,36,39,42,45,48,51,54,57,60,63,66,69,72,75
L|swaps=55,76: 57,81,1,4,7,10,13,16,19,22,25,28,31,34,37,40,43,46,49,52,55,58,61,64,67,70,73,76,79,82,2,5,8,11,14,17,20,23,26,29,32,35,38,41,44,47,50,53,56,59,62,65,68,71,74,78,80,0,3,6,9,12,15,18,21,24,27,30,33,36,39,42,45,48,51,54,77,60,63,66,69,72,75
M|swaps=16,3: 4,81,1,43,7,10,13,16,19,22,25,28,31,34,37,40,78,46,49,52,55,58,61,64,67,70,73,76,79,82,2,5,8,11,14,17,20,23,26,29,32,35,38,41,44,47,50,53,56,59,62,65,68,71,74,77,80,0,3,6,9,12,15,18,21,24,27,30,33,36,39,42,45,48,51,54,57,60,63,66,69,72,75
N|swaps=57,55: 77,81,1,4,7,10,13,16,19,22,25,28,31,34,37,40,43,46,49,52,55,58,61,64,67,70,73,76,79,82,2,5,8,11,14,17,20,23,26,29,32,35,38,41,44,47,50,53,56,59,62,65,68,71,74,0,80,78,3,6,9,12,15,18,21,24,27,30,33,36,39,42,45,48,51,54,57,60,63,66,69,72,75
O|swaps=47,50: 62,81,1,4,7,10,13,16,19,22,25,28,31,34,37,40,43,46,49,52,55,58,61,64,67,70,73,76,79,82,2,5,8,11,14,17,20,23,26,29,32,35,38,41,44,47,50,78,56,59,53,65,68,71,74,77,80,0,3,6,9,12,15,18,21,24,27,30,33,36,39,42,45,48,51,54,57,60,63,66,69,72,75
P|swaps=67,64: 21,81,1,4,7,10,13,16,19,22,25,28,31,34,37,40,43,46,49,52,55,58,61,64,67,70,73,76,79,82,2,5,8,11,14,17,20,23,26,29,32,35,38,41,44,47,50,53,56,59,62,65,68,71,74,77,80,0,3,6,9,12,15,18,30,24,27,78,33,36,39,42,45,48,51,54,57,60,63,66,69,72,75
Q|swaps=14,56: 80,81,1,4,7,10,13,16,19,22,25,28,31,34,78,40,43,46,49,52,55,58,61,64,67,70,73,76,79,82,2,5,8,11,14,17,20,23,26,29,32,35,38,41,44,47,50,53,56,59,62,65,68,71,74,77,37,0,3,6,9,12,15,18,21,24,27,30,33,36,39,42,45,48,51,54,57,60,63,66,69,72,75
R|swaps=21,4: 7,81,1,4,58,10,13,16,19,22,25,28,31,34,37,40,43,46,49,52,55,78,61,64,67,70,73,76,79,82,2,5,8,11,14,17,20,23,26,29,32,35,38,41,44,47,50,53,56,59,62,65,68,71,74,77,80,0,3,6,9,12,15,18,21,24,27,30,33,36,39,42,45,48,51,54,57,60,63,66,69,72,75
S|swaps=11,80: 69,81,1,4,7,10,13,16,19,22,25,78,31,34,37,40,43,46,49,52,55,58,61,64,67,70,73,76,79,82,2,5,8,11,14,17,20,23,26,29,32,35,38,41,44,47,50,53,56,59,62,65,68,71,74,77,80,0,3,6,9,12,15,18,21,24,27,30,33,36,39,42,45,48,51,54,57,60,63,66,28,72,75
T|swaps=48,75: 54,81,1,4,7,10,13,16,19,22,25,28,31,34,37,40,43,46,49,52,55,58,61,64,67,70,73,76,79,82,2,5,8,11,14,17,20,23,26,29,32,35,38,41,44,47,50,53,78,59,62,65,68,71,74,77,80,0,3,6,9,12,15,18,21,24,27,30,33,36,39,42,45,48,51,56,57,60,63,66,69,72,75
U|swaps=75,75: 78,81,1,4,7,10,13,16,19,22,25,28,31,34,37,40,43,46,49,52,55,58,61,64,67,70,73,76,79,82,2,5,8,11,14,17,20,23,26,29,32,35,38,41,44,47,50,53,56,59,62,65,68,71,74,77,80,0,3,6,9,12,15,18,21,24,27,30,33,36,39,42,45,48,51,54,57,60,63,66,69,72,75
V|swaps=61,63: 18,81,1,4,7,10,13,16,19,22,25,28,31,34,37,40,43,46,49,52,55,58,61,64,67,70,73,76,79,82,2,5,8,11,14,17,20,23,26,29,32,35,38,41,44,47,50,53,56,59,62,65,68,71,74,77,80,0,3,6,9,78,15,12,21,24,27,30,33,36,39,42,45,48,51,54,57,60,63,66,69,72,75
W|swaps=16,13: 34,81,1,4,7,10,13,16,19,22,25,28,31,43,37,40,78,46,49,52,55,58,61,64,67,70,73,76,79,82,2,5,8,11,14,17,20,23,26,29,32,35,38,41,44,47,50,53,56,59,62,65,68,71,74,77,80,0,3,6,9,12,15,18,21,24,27,30,33,36,39,42,45,48,51,54,57,60,63,66,69,72,75
X|swaps=27,40: 32,81,1,4,7,10,13,16,19,22,25,28,31,34,37,40,43,46,49,52,55,58,61,64,67,70,73,78,79,82,2,5,8,11,14,17,20,23,26,29,76,35,38,41,44,47,50,53,56,59,62,65,68,71,74,77,80,0,3,6,9,12,15,18,21,24,27,30,33,36,39,42,45,48,51,54,57,60,63,66,69,72,75
Y|swaps=17,44: 44,81,1,4,7,10,13,16,19,22,25,28,31,34,37,40,43,78,49,52,55,58,61,64,67,70,73,76,79,82,2,5,8,11,14,17,20,23,26,29,32,35,38,41,46,47,50,53,56,59,62,65,68,71,74,77,80,0,3,6,9,12,15,18,21,24,27,30,33,36,39,42,45,48,51,54,57,60,63,66,69,72,75
Z|swaps=57,67: 30,81,1,4,7,10,13,16,19,22,25,28,31,34,37,40,43,46,49,52,55,58,61,64,67,70,73,76,79,82,2,5,8,11,14,17,20,23,26,29,32,35,38,41,44,47,50,53,56,59,62,65,68,71,74,77,80,78,3,6,9,12,15,18,21,24,27,0,33,36,39,42,45,48,51,54,57,60,63,66,69,72,75
[ciphertexts]
1: Wg&X3DH7s^8k>9=Z9aM['3'1*I!&jCDqVEQ4Sb4SLo@%<U.3\8B+e!KR!KOQrdT#1S/H'Hi7P_X8GXd(WI,KRKh2heUsD'&/7r4Tc+$0o=bE,ZlNJNf_5)!G6k<L3`#+h+Kb!'cNd"[/7_=WoWB>?D(`:dO$hq%Qc5e9*?7E`-@&Ri"DpD59^9^:$jSAN+'nE!X@]Mr.s`oV_kW^*Ej<R?06-sL5XJdcd[+K&3a')PTUe<J=(-qSK5DQA!NGR4WF1L;$T7kJ9'!RfCLhq><N^U?4#6=6i:2%IJ8_3[n0+E+E!4rNs]J=`a
2: n`1+3R37M-ikA:aH?;Pr$(<VKQ/F4Y8'7h.P!VbaOfE9^E92.s3qDSDkd>_"'\J5i6b?mAP-3;#`GZ`JkNmO_d_g\%,1UFr`r)a)("V'2ebK4]oX+=[6CZCkVk5R^RImY_:g>G$HO9+E!8Q-0"/I@M(X(cdDgPiT%3=V^!;mr0ZADpF[>@cI#^8h7*+U<k.RnpsbsL%)'7'o?!I,rZBf1BfWRSGDMdQK`N%QLj4/!Tq:pk3@sAhG';2J^`<H7[j4$j4M:)FSdVs;NBNbRh*5,.Y?C&P_oLI<I0^e`E8DQ1H>rUKUT]Zg#\nVdmJ'29=8lAF?,L@;BDmY0#h)i5MHQd9[PB.g<(#3
3: T"!T:2H&^C8Iea6a>MlQicb$rXG!A:Y-@]54='/,Nq[H7gXYgoA_jP^Cf^C*4,?a?Z9@;N!3Sko\0\e'H/YT<]p]WmJm`g%j=>I#"n0a0EWY&+Ah?_3(mXeL6%iW5QOb.5AEaEG8V>kI86=BsLZ*^;7WJchE\X3)Is)0q<8TQKQ[@g/Po:R_,J$be&k-VSN4;'XPK+i>Yr7G]/J2^:2X-?Y@NVN0d0=<m1pReSe[P[Qs.T&KkroB(6cIO'L`;!J@f+h1B^l&GCH/DZpoI#!h)FVAP=
4: Wg&7\DH3KYaY$T$%?W%CkN6Shi;HY;_MIdWd.s*a18b5<Rh)>+Bi.ec]?9#Or@=d`XF^"fQb/$'[iq@qUa2mPsR)R%H%4YL.5cjk61!d!*RW7;-A`Bb[%l@K&LJR'9Is_'-*d*+TVc$jCP1#?<qKM&<J/s6NX:[*2)cP38h,Y9?RTMo[nQ^cfWf&K-_B7%4k@bE2FST`rRZ(nm5Z9>9Mg'cP=%[;_*j3NHXhs(Q-7-lIGi+')'"RVfXKA$g(SES/:[\[;161#_hNm2W$F-e=TD`nqs&X%"V7mj4K9H:@*PCMU%
5: Wg&XNL@h.Gk6F9=Z91bJp'D`D?>#)QKf]:5@nOlo,*eH+;X%6Q`\dB3"N4R)@i&fi6*C3>+e+1E1<Ja[7]lHl?Q?DZS'o`,"Km8ch=2%!VXP@>s\.[m&Io4-T)^W7K=MP.9Ye0Q<O1&'pIF>-9aBJ_XSki;j3hZVnRn/@'sXsW-Ym,QOeGMeG2h6g&.#.?=\Z+K(LnCW"apMpig@Gc-gDdkP0?_rFQ4/3ojoN#XVCsDSbgm2^,8,EMqfc%hAk&N(NX^nU6)10Y/o,HW!pqP^jK?SANh
6: T"!T:2H&^faHeCMFG#,WL%b`<i/+i/Y[]jK'X'm7qe)M>\.nbs-<+QH0Tg5lpNhdNbe1H(>)>FEFBW7X"Rmfm!&!6OQ%2-80Y#[DiKZnP=.op(r<^X#h$2gMSlaG"YKco^IV),&B'Fh%L$J(MI7CW_.Q`No9imdjX[Wn%H]SY,cFC5PQ=B!*ZTodGod1nre<0$r5_NKCA&;s[*@)7l,9:+$K+R_<U\=(Gp&4C[X#Da'm<FlFBM?M@HG@Hcs0Yie]e+ZI2>a/5T:.B_bWkr_p1L\ijNhSO7-70@$H"V.,qnkIkaFm5je8:AdOp07
8: Wg&XNL@h.Gk6F9=Z91bJp'D`D?>#)QKf]:5@nOlo,*eH+;X%6Q`\dB3"N4R)@i&fi6*C3>+e+1E1<Ja[7]lHl?Q?DZS'o`,"Km8ch=2%!VXP@>s\.[m&Io4-T)^W7K=MP.9Ye0Q<O1&'pIF>-9aBJ_XSki;j3hZVnRn/@'sXsW-Ym,QOeGMeG2h6g&.#.?=\Z+K(LnCW"apMpig@Gc-gDdkP0?_rFQ4/3ojoN#XVCsDSbgm2^,8,EMqfc%hAk&N(NX^nU6)10Y/o,HW!pqP^jK?SANh
9: o]9+Do?/.N;H08$Un%(%kMbChF#_jr\>ETK)qkBdX18;Ls+*p^GgSEYaZ[fdiMiU96NDN<)>sRKqJ4nJ48[@XB*:*p#-p3<c[1s)si]i=`A93bLN!+!fKkXP.`BOoF?;\W6HlR,:[mn4VogsPr(7C>b9O\$`'3'S^Mc1G/o;Yg6(-QZ>#)<a@TER?3.FqI"*;L\g_$[l^l#294Mf@6h.;ps-KOl(!HE)Ua:7,5d%X%YLP\JE-&+9<,]!?\%;%D0K^eN12g@o"oq\9I*.SaWX#%QE=pKR\Lm']T_q$JWRP=r-r+GV/1+mFCd4
end
vector ns=2 seed=0x51a7000000010002
[mapping]
A|swaps=7,34: 14,81,1,4,7,10,13,78,19,22,25,28,31,34,37,40,43,46,49,52,55,58,61,64,67,70,73,76,79,82,2,5,8,11,16,17,20,23,26,29,32,35,38,41,44,47,50,53,56,59,62,65,68,71,74,77,80,0,3,6,9,12,15,18,21,24,27,30,33,36,39,42,45,48,51,54,57,60,63,66,69,72,75
B|swaps=52,61: 12,81,1,4,7,10,13,16,19,22,25,28,31,34,37,40,43,46,49,52,55,58,61,64,67,70,73,76,79,82,2,5,8,11,14,17,20,23,26,29,32,35,38,41,44,47,50,53,56,59,62,65,78,71,74,77,80,0,3,6,9,68,15,18,21,24,27,30,33,36,39,42,45,48,51,54,57,60,63,66,69,72,75
C|swaps=69,38: 26,81,1,4,7,10,13,16,19,22,25,28,31,34,37,40,43,46,49,52,55,58,61,64,67,70,73,76,79,82,2,5,8,11,14,17,20,23,36,29,32,35,38,41,44,47,50,53,56,59,62,65,68,71,74,77,80,0,3,6,9,12,15,18,21,24,27,30,33,78,39,42,45,48,51,54,57,60,63,66,69,72,75
D|swaps=4,20: 55,81,1,4,78,10,13,16,19,22,25,28,31,34,37,40,43,46,49,52,7,58,61,64,67,70,73,76,79,82,2,5,8,11,14,17,20,23,26,29,32,35,38,41,44,47,50,53,56,59,62,65,68,71,74,77,80,0,3,6,9,12,15,18,21,24,27,30,33,36,39,42,45,48,51,54,57,60,63,66,69,72,75
E|swaps=44,27: 76,81,1,4,7,10,13,16,19,22,25,28,31,34,37,40,43,46,49,52,55,58,61,64,67,70,73,44,79,82,2,5,8,11,14,17,20,23,26,29,32,35,38,41,78,47,50,53,56,59,62,65,68,71,74,77,80,0,3,6,9,12,15,18,21,24,27,30,33,36,39,42,45,48,51,54,57,60,63,66,69,72,75
F|swaps=74,16: 43,81,1,4,7,10,13,16,19,22,25,28,31,34,37,40,51,46,49,52,55,58,61,64,67,70,73,76,79,82,2,5,8,11,14,17,20,23,26,29,32,35,38,41,44,47,50,53,56,59,62,65,68,71,74,77,80,0,3,6,9,12,15,18,21,24,27,30,33,36,39,42,45,48,78,54,57,60,63,66,69,72,75
G|swaps=12,15: 40,81,1,4,7,10,13,16,19,22,25,28,78,34,37,31,43,46,49,52,55,58,61,64,67,70,73,76,79,82,2,5,8,11,14,17,20,23,26,29,32,35,38,41,44,47,50,53,56,59,62,65,68,71,74,77,80,0,3,6,9,12,15,18,21,24,27,30,33,36,39,42,45,48,51,54,57,60,63,66,69,72,75
H|swaps=39,39: 78,81,1,4,7,10,13,16,19,22,25,28,31,34,37,40,43,46,49,52,55,58,61,64,67,70,73,76,79,82,2,5,8,11,14,17,20,23,26,29,32,35,38,41,44,47,50,53,56,59,62,65,68,71,74,77,80,0,3,6,9,12,15,18,21,24,27,30,33,36,39,42,45,48,51,54,57,60,63,66,69,72,75
I|swaps=13,31: 5,81,1,4,7,10,13,16,19,22,25,28,31,78,37,40,43,46,49,52,55,58,61,64,67,70,73,76,79,82,2,34,8,11,14,17,20,23,26,29,32,35,38,41,44,47,50,53,56,59,62,65,68,71,74,77,80,0,3,6,9,12,15,18,21,24,27,30,33,36,39,42,45,48,51,54,57,60,63,66,69,72,75
J|swaps=65,52: 68,81,1,4,7,10,13,16,19,22,25,28,31,34,37,40,43,46,49,52,55,58,61,64,67,70,73,76,79,82,2,5,8,11,14,17,20,23,26,29,32,35,38,41,44,47,50,53,56,59,62,65,24,71,74,77,80,0,3,6,9,12,15,18,21,78,27,30,33,36,39,42,45,48,51,54,57,60,63,66,69,72,75
K|swaps=14,75: 54,81,1,4,7,10,13,16,19,22,25,28,31,34,78,40,43,46,49,52,55,58,61,64,67,70,73,76,79,82,2,5,8,11,14,17,20,23,26,29,32,35,38,41,44,47,50,53,56,59,62,65,68,71,74,77,80,0,3,6,9,12,15,18,21,24,27,30,33,36,39,42,45,48,51,37,57,60,63,66,69,72,75
L|swaps=57,73: 48,81,1,4,7,10,13,16,19,22,25,28,31,34,37,40,43,46,49,52,55,58,61,64,67,70,73,76,79,82,2,5,8,11,14,17,20,23,26,29,32,35,38,41,44,47,50,53,56,59,62,65,68,71,74,77,80,78,3,6,9,12,15,18,21,24,27,30,33,36,39,42,45,0,51,54,57,60,63,66,69,72,75
M|swaps=71,18: 49,81,1,4,7,10,13,16,19,22,25,28,31,34,37,40,43,46,42,52,55,58,61,64,67,70,73,76,79,82,2,5,8,11,14,17,20,23,26,29,32,35,38,41,44,47,50,53,56,59,62,65,68,71,74,77,80,0,3,6,9,12,15,18,21,24,27,30,33,36,39,78,45,48,51,54,57,60,63,66,69,72,75
N|swaps=13,51: 65,81,1,4,7,10,13,16,19,22,25,28,31,78,37,40,43,46,49,52,55,58,61,64,67,70,73,76,79,82,2,5,8,11,14,17,20,23,26,29,32,35,38,41,44,47,50,53,56,59,62,34,68,71,74,77,80,0,3,6,9,12,15,18,21,24,27,30,33,36,39,42,45,48,51,54,57,60,63,66,69,72,75
O|swaps=26,28: 79,81,1,4,7,10,13,16,19,22,25,28,31,34,37,40,43,46,49,52,55,58,61,64,67,70,78,76,73,82,2,5,8,11,14,17,20,23,26,29,32,35,38,41,44,47,50,53,56,59,62,65,68,71,74,77,80,0,3,6,9,12,15,18,21,24,27,30,33,36,39,42,45,48,51,54,57,60,63,66,69,72,75
P|swaps=24,74: 51,81,1,4,7,10,13,16,19,22,25,28,31,34,37,40,43,46,49,52,55,58,61,64,78,70,73,76,79,82,2,5,8,11,14,17,20,23,26,29,32,35,38,41,44,47,50,53,56,59,62,65,68,71,74,77,80,0,3,6,9,12,15,18,21,24,27,30,33,36,39,42,45,48,67,54,57,60,63,66,69,72,75
Q|swaps=31,66: 27,81,1,4,7,10,13,16,19,22,25,28,31,34,37,40,43,46,49,52,55,58,61,64,67,70,73,76,79,82,2,78,8,11,14,17,20,23,26,29,32,35,38,41,44,47,50,53,56,59,62,65,68,71,74,77,80,0,3,6,9,12,15,18,21,24,5,30,33,36,39,42,45,48,51,54,57,60,63,66,69,72,75
R|swaps=3,43: 41,81,1,78,7,10,13,16,19,22,25,28,31,34,37,40,43,46,49,52,55,58,61,64,67,70,73,76,79,82,2,5,8,11,14,17,20,23,26,29,32,35,38,4,44,47,50,53,56,59,62,65,68,71,74,77,80,0,3,6,9,12,15,18,21,24,27,30,33,36,39,42,45,48,51,54,57,60,63,66,69,72,75
S|swaps=34,10: 25,81,1,4,7,10,13,16,19,22,14,28,31,34,37,40,43,46,49,52,55,58,61,64,67,70,73,76,79,82,2,5,8,11,78,17,20,23,26,29,32,35,38,41,44,47,50,53,56,59,62,65,68,71,74,77,80,0,3,6,9,12,15,18,21,24,27,30,33,36,39,42,45,48,51,54,57,60,63,66,69,72,75
T|swaps=3,4: 7,81,1,78,4,10,13,16,19,22,25,28,31,34,37,40,43,46,49,52,55,58,61,64,67,70,73,76,79,82,2,5,8,11,14,17,20,23,26,29,32,35,38,41,44,47,50,53,56,59,62,65,68,71,74,77,80,0,3,6,9,12,15,18,21,24,27,30,33,36,39,42,45,48,51,54,57,60,63,66,69,72,75
U|swaps=6,41: 35,81,1,4,7,10,78,16,19,22,25,28,31,34,37,40,43,46,49,52,55,58,61,64,67,70,73,76,79,82,2,5,8,11,14,17,20,23,26,29,32,13,38,41,44,47,50,53,56,59,62,65,68,71,74,77,80,0,3,6,9,12,15,18,21,24,27,30,33,36,39,42,45,48,51,54,57,60,63,66,69,72,75
V|swaps=63,39: 29,81,1,4,7,10,13,16,19,22,25,28,31,34,37,40,43,46,49,52,55,58,61,64,67,70,73,76,79,82,2,5,8,11,14,17,20,23,26,18,32,35,38,41,44,47,50,53,56,59,62,65,68,71,74,77,80,0,3,6,9,12,15,78,21,24,27,30,33,36,39,42,45,48,51,54,57,60,63,66,69,72,75
W|swaps=82,35: 17,81,1,4,7,10,13,16,19,22,25,28,31,34,37,40,43,46,49,52,55,58,61,64,67,70,73,76,79,82,2,5,8,11,14,75,20,23,26,29,32,35,38,41,44,47,50,53,56,59,62,65,68,71,74,77,80,0,3,6,9,12,15,18,21,24,27,30,33,36,39,42,45,48,51,54,57,60,63,66,69,72,78
X|swaps=7,25: 70,81,1,4,7,10,13,78,19,22,25,28,31,34,37,40,43,46,49,52,55,58,61,64,67,16,73,76,79,82,2,5,8,11,14,17,20,23,26,29,32,35,38,41,44,47,50,53,56,59,62,65,68,71,74,77,80,0,3,6,9,12,15,18,21,24,27,30,33,36,39,42,45,48,51,54,57,60,63,66,69,72,75
Y|swaps=20,30: 2,81,1,4,7,10,13,16,19,22,25,28,31,34,37,40,43,46,49,52,78,58,61,64,67,70,73,76,79,82,55,5,8,11,14,17,20,23,26,29,32,35,38,41,44,47,50,53,56,59,62,65,68,71,74,77,80,0,3,6,9,12,15,18,21,24,27,30,33,36,39,42,45,48,51,54,57,60,63,66,69,72,75
Z|swaps=36,82: 75,81,1,4,7,10,13,16,19,22,25,28,31,34,37,40,43,46,49,52,55,58,61,64,67,70,73,76,79,82,2,5,8,11,14,17,78,23,26,29,32,35,38,41,44,47,50,53,56,59,62,65,68,71,74,77,80,0,3,6,9,12,15,18,21,24,27,30,33,36,39,42,45,48,51,54,57,60,63,66,69,72,20
[ciphertexts]
1: (`!>6/>k/.U/K^/.=NXOi.W;A,Co,-Y,nYHD'7s=7O=dl#$!a$)9bJs?YH?`HEeTdiT#D+o(^a(;3s^Ns:$O<fO_BOpBV%BX(BI(>3"^K"]\6j\OjrOgr/*mXsm_sQ[fkesEZ>9Z#9-7H^7:\b(2pk2Af%.)mo?mE)"-dm!/"]\+Kp+n)sK3OVhNgBN'/A=/\"1p"1%,nE,WM79BiWbV3YV="&H%:HnAm@f.[fKbTKC(4/TX/%?\TBk)>k[i=1LoGLUeR7e%XBRWITsI:gl1E'L['".<!i;eibTqb8h$IX&HpraiDJp+J,
2: b2'bS[XkKCIK`#=r#,L#h48hWHD.cd2cI6Cd6@l,@:gMR8hRDhp_"\aCKi%Kq%#U&L_%^!`^EGkg7kCG0CXpFN&FUDFHdsOD/JnaJba]_a2*YBqY)qM[6p;+^'b3'53e5<>`*r7*$_J$mJKbJCTJCH<;]![M7[MXZ8,@`bh>;ij)hUVRA27fDR83X=YhIch&>'B,We?Jm6rS6p9!.s!FdL&dB&H,8HcMUNF".I"4*>4#Sd#hEBhH1MHcMqI%YI*054P5#PQl?1J?HS&LjVqj@_IR_dUHf#"fg":grLg[qgaq'@qN@KN/*,&IT&"T\r6gr6Co8`b8l,_a$9%T_)'?]#rkR?6HM@R[
3: X+D2+_2i9PUCPBO/$5op58GK]XK_^i_2\,27407[0m80?q0mX!14b^#sM2JM7JZjP-kK-&/im/bH/hH:hTp1NW^LK?L*?9*FU.`Ur<Pc8h5Wh5Y@$EXp*jTlf)ijOR<[RcM9ZD9XJ8*1/(VT(U)7UP&J0F,^AO>IO^1Mo(Ro)hq6c<FcC]cK]YK/3[]aMUa-Tm-Os84+=jdcA73A9Z\7a\IK'Nq'pB'0B^0/As`$U%$(%phEV9"Vr"s'm/'mkS-&]-GERAl?@"R5`jfK'Qij&WS$MR
4: (`!?_/?IWnL^r2&p6^c\hc%!c*Tc%?5>UE%VLqVoqZ@HV#Y-#=?.k?U9,i9OiPm#Hj#RWhRFo>)oUsoGsaGMaZj(4@6B@=Bo0nb05pHROs.Zs.A1U!kGB,glf?F,+DpjDR'=*7=kPOBM8k?Nla^@h2Jp25Rr56AZ6k8[MP[m:heKhp<=p`;Lrjfg@+T^Ro^[6^X8AXNAm03Qo,/jbZ'W\(_f13fBmTX=A@=&jP&7NM.<^\<-\2->2"U9]UFk_m,*(g@Db1D%1!%Z\n'sq[_DJ]Mm*U+*UkrQ4OnlPsbKZ`,_BK
5: (`!>HerlIk]JK^Jk=0qZSq(RTQ_2l_o#_;#';pfO#b0!bDmWDJPB39gLV_]`f]4?c`bc^;[@T[8i[rikrp]Pja!5aZ58Rh<4"<\"P[Wp[WG*DH#DXhS]$A."S-jL%;[N1LH7*a0S\$Uq$"M!j^-.^gHYNXE'X8ar41:+e[6KW>#UkP"?P3Lp8L48K1]E(WBck0c)UH)SsaSLq,bd0n:ln!h4DS4CM/J(+K(eKPe`nkBjG)jbNOb3OR35FpHF*\DJlnS)nS>AK<qB30k;W,]0T&:i^)E
6: X+D2+_2i9lLRl#qrBq[V)KG4.*$Q_2QO2g^@\Sqp/B0[m0!6L!b$Q3U/d2`Pq`%?BPmB,=O'.OrROARWAS`bs>[5>V5rTha%"ag"bO6SO6)eL@JL(ho`HI<"o&s/k=OND/@7e>ZogH0KH"8[s,&<,U@YN(V^ZiPCKT4K8RdnGenY@9U&9:i1?I7!64K6dKNEj)$j38r-&e-XY\XB\lK\M`\l)GhY[3a4E]oE+BE<B@A'E9*$9)$b?T/O]/+]"PsaZE`kJ`7J3X*[PJ5e\5.C@"CH6!B-IM-UM#UN8hf8qFY*K(E-e&%.bj#<3J=
8: (`!>HerlIk]JK^Jk=0qZSq(RTQ_2l_o#_;#';pfO#b0!bDmWDJPB39gLV_]`f]4?c`bc^;[@T[8i[rikrp]Pja!5aZ58Rh<4"<\"P[Wp[WG*DH#DXhS]$A."S-jL%;[N1LH7*a0S\$Uq$"M!j^-.^gHYNXE'X8ar41:+e[6KW>#UkP"?P3Lp8L48K1]E(WBck0c)UH)SsaSLq,bd0n:ln!h4DS4CM/J(+K(eKPe`nkBjG)jbNOb3OR35FpHF*\DJlnS)nS>AK<qB30k;W,]0T&:i^)E
9: D9]DSlO%N+ThmG=aGcI>3*.Z*$Yl$C+ET+d:sE\-1Yc2YDRWD8kVAko]kQ+ig$FU`lK(3f(\hO,9O'7HQ7gQ_$>oX3^@fchfr`iZei.)iA)0()'M5'q5=q*d[$3:$e:BRX(RXp<9F"9,[@)JT!:@;Mg-rRINYnGYq]Y8=XTS4[SMe-M"1daGsW$g*Sgc8;c:V>-F>"JCO7rq`+.I!ld;hds$%FhDU?S]?EeAqe*Ke;Kf;1(^hD^)PM9=Z?PZoP4on0"k0b[ERUDp9Dp`51@d)o_^NmCa_g,[=,UDk;JpTDV$%NjFCZ.>+_>G
end
vector ns=3 seed=0x51a7000000000003
[mapping]
A|swaps=37,57,68: 33,81,1,4,7,10,13,16,19,22,25,28,31,34,37,40,43,46,49,52,55,58,61,64,67,70,73,76,79,82,2,5,8,11,14,17,20,78,26,29,32,35,38,41,44,47,50,53,56,59,62,65,68,71,74,77,80,23,3,6,9,12,15,18,21,24,27,30,0,36,39,42,45,48,51,54,57,60,63,66,69,72,75
B|swaps=1,16,17: 46,78,1,4,7,10,13,16,19,22,25,28,31,34,37,40,81,43,49,52,55,58,61,64,67,70,73,76,79,82,2,5,8,11,14,17,20,23,26,29,32,35,38,41,44,47,50,53,56,59,62,65,68,71,74,77,80,0,3,6,9,12,15,18,21,24,27,30,33,36,39,42,45,48,51,54,57,60,63,66,69,72,75
C|swaps=29,44,36: 20,81,1,4,7,10,13,16,19,22,25,28,31,34,37,40,43,46,49,52,55,58,61,64,67,70,73,76,79,78,2,5,8,11,14,17,44,23,26,29,32,35,38,41,82,47,50,53,56,59,62,65,68,71,74,77,80,0,3,6,9,12,15,18,21,24,27,30,33,36,39,42,45,48,51,54,57,60,63,66,69,72,75
D|swaps=71,61,28: 79,81,1,4,7,10,13,16,19,22,25,28,31,34,37,40,43,46,49,52,55,58,61,64,67,70,73,76,12,82,2,5,8,11,14,17,20,23,26,29,32,35,38,41,44,47,50,53,56,59,62,65,68,71,74,77,80,0,3,6,9,42,15,18,21,24,27,30,33,36,39,78,45,48,51,54,57,60,63,66,69,72,75
E|swaps=70,15,37: 23,81,1,4,7,10,13,16,19,22,25,28,31,34,37,39,43,46,49,52,55,58,61,64,67,70,73,76,79,82,2,5,8,11,14,17,20,40,26,29,32,35,38,41,44,47,50,53,56,59,62,65,68,71,74,77,80,0,3,6,9,12,15,18,21,24,27,30,33,36,78,42,45,48,51,54,57,60,63,66,69,72,75
F|swaps=6,72,55: 77,81,1,4,7,10,78,16,19,22,25,28,31,34,37,40,43,46,49,52,55,58,61,64,67,70,73,76,79,82,2,5,8,11,14,17,20,23,26,29,32,35,38,41,44,47,50,53,56,59,62,65,68,71,74,45,80,0,3,6,9,12,15,18,21,24,27,30,33,36,39,42,13,48,51,54,57,60,63,66,69,72,75
G|swaps=69,61,25: 70,81,1,4,7,10,13,16,19,22,25,28,31,34,37,40,43,46,49,52,55,58,61,64,67,12,73,76,79,82,2,5,8,11,14,17,20,23,26,29,32,35,38,41,44,47,50,53,56,59,62,65,68,71,74,77,80,0,3,6,9,36,15,18,21,24,27,30,33,78,39,42,45,48,51,54,57,60,63,66,69,72,75
H|swaps=9,5,26: 73,81,1,4,7,22,13,16,19,78,25,28,31,34,37,40,43,46,49,52,55,58,61,64,67,70,10,76,79,82,2,5,8,11,14,17,20,23,26,29,32,35,38,41,44,47,50,53,56,59,62,65,68,71,74,77,80,0,3,6,9,12,15,18,21,24,27,30,33,36,39,42,45,48,51,54,57,60,63,66,69,72,75
I|swaps=28,28,48: 56,81,1,4,7,10,13,16,19,22,25,28,31,34,37,40,43,46,49,52,55,58,61,64,67,70,73,76,79,82,2,5,8,11,14,17,20,23,26,29,32,35,38,41,44,47,50,53,78,59,62,65,68,71,74,77,80,0,3,6,9,12,15,18,21,24,27,30,33,36,39,42,45,48,51,54,57,60,63,66,69,72,75
J|swaps=44,47,80: 69,81,1,4,7,10,13,16,19,22,25,28,31,34,37,40,43,46,49,52,55,58,61,64,67,70,73,76,79,82,2,5,8,11,14,17,20,23,26,29,32,35,38,41,78,47,50,44,56,59,62,65,68,71,74,77,80,0,3,6,9,12,15,18,21,24,27,30,33,36,39,42,45,48,51,54,57,60,63,66,53,72,75
K|swaps=30,48,64: 21,81,1,4,7,10,13,16,19,22,25,28,31,34,37,40,43,46,49,52,55,58,61,64,67,70,73,76,79,82,78,5,8,11,14,17,20,23,26,29,32,35,38,41,44,47,50,53,2,59,62,65,68,71,74,77,80,0,3,6,9,12,15,18,56,24,27,30,33,36,39,42,45,48,51,54,57,60,63,66,69,72,75
L|swaps=25,29,49: 59,81,1,4,7,10,13,16,19,22,25,28,31,34,37,40,43,46,49,52,55,58,61,64,67,78,73,76,79,70,2,5,8,11,14,17,20,23,26,29,32,35,38,41,44,47,50,53,56,82,62,65,68,71,74,77,80,0,3,6,9,12,15,18,21,24,27,30,33,36,39,42,45,48,51,54,57,60,63,66,69,72,75
M|swaps=62,0,30: 2,81,1,4,7,10,13,16,19,22,25,28,31,34,37,40,43,46,49,52,55,58,61,64,67,70,73,76,79,82,15,5,8,11,14,17,20,23,26,29,32,35,38,41,44,47,50,53,56,59,62,65,68,71,74,77,80,0,3,6,9,12,78,18,21,24,27,30,33,36,39,42,45,48,51,54,57,60,63,66,69,72,75
N|swaps=54,58,40: 32,81,1,4,7,10,13,16,19,22,25,28,31,34,37,40,43,46,49,52,55,58,61,64,67,70,73,76,79,82,2,5,8,11,14,17,20,23,26,29,3,35,38,41,44,47,50,53,56,59,62,65,68,71,78,77,80,0,74,6,9,12,15,18,21,24,27,30,33,36,39,42,45,48,51,54,57,60,63,66,69,72,75
O|swaps=14,48,38: 26,81,1,4,7,10,13,16,19,22,25,28,31,34,78,40,43,46,49,52,55,58,61,64,67,70,73,76,79,82,2,5,8,11,14,17,20,23,56,29,32,35,38,41,44,47,50,53,37,59,62,65,68,71,74,77,80,0,3,6,9,12,15,18,21,24,27,30,33,36,39,42,45,48,51,54,57,60,63,66,69,72,75
P|swaps=0,22,39: 29,81,1,4,7,10,13,16,19,22,25,28,31,34,37,40,43,46,49,52,55,58,78,64,67,70,73,76,79,82,2,5,8,11,14,17,20,23,26,61,32,35,38,41,44,47,50,53,56,59,62,65,68,71,74,77,80,0,3,6,9,12,15,18,21,24,27,30,33,36,39,42,45,48,51,54,57,60,63,66,69,72,75
Q|swaps=25,79,76: 57,81,1,4,7,10,13,16,19,22,25,28,31,34,37,40,43,46,49,52,55,58,61,64,67,78,73,76,79,82,2,5,8,11,14,17,20,23,26,29,32,35,38,41,44,47,50,53,56,59,62,65,68,71,74,77,80,0,3,6,9,12,15,18,21,24,27,30,33,36,39,42,45,48,51,54,66,60,63,70,69,72,75
R|swaps=80,74,9: 22,81,1,4,7,10,13,16,19,51,25,28,31,34,37,40,43,46,49,52,55,58,61,64,67,70,73,76,79,82,2,5,8,11,14,17,20,23,26,29,32,35,38,41,44,47,50,53,56,59,62,65,68,71,74,77,80,0,3,6,9,12,15,18,21,24,27,30,33,36,39,42,45,48,69,54,57,60,63,66,78,72,75
S|swaps=79,47,33: 11,81,1,4,7,10,13,16,19,22,25,28,31,34,37,40,43,46,49,52,55,58,61,64,67,70,73,76,79,82,2,5,8,53,14,17,20,23,26,29,32,35,38,41,44,47,50,66,56,59,62,65,68,71,74,77,80,0,3,6,9,12,15,18,21,24,27,30,33,36,39,42,45,48,51,54,57,60,63,78,69,72,75
T|swaps=63,32,19: 52,81,1,4,7,10,13,16,19,22,25,28,31,34,37,40,43,46,49,8,55,58,61,64,67,70,73,76,79,82,2,5,18,11,14,17,20,23,26,29,32,35,38,41,44,47,50,53,56,59,62,65,68,71,74,77,80,0,3,6,9,12,15,78,21,24,27,30,33,36,39,42,45,48,51,54,57,60,63,66,69,72,75
U|swaps=21,51,53: 71,81,1,4,7,10,13,16,19,22,25,28,31,34,37,40,43,46,49,52,55,78,61,64,67,70,73,76,79,82,2,5,8,11,14,17,20,23,26,29,32,35,38,41,44,47,50,53,56,59,62,58,68,65,74,77,80,0,3,6,9,12,15,18,21,24,27,30,33,36,39,42,45,48,51,54,57,60,63,66,69,72,75
V|swaps=37,40,63: 18,81,1,4,7,10,13,16,19,22,25,28,31,34,37,40,43,46,49,52,55,58,61,64,67,70,73,76,79,82,2,5,8,11,14,17,20,78,26,29,23,35,38,41,44,47,50,53,56,59,62,65,68,71,74,77,80,0,3,6,9,12,15,32,21,24,27,30,33,36,39,42,45,48,51,54,57,60,63,66,69,72,75
W|swaps=2,44,60: 9,81,78,4,7,10,13,16,19,22,25,28,31,34,37,40,43,46,49,52,55,58,61,64,67,70,73,76,79,82,2,5,8,11,14,17,20,23,26,29,32,35,38,41,1,47,50,53,56,59,62,65,68,71,74,77,80,0,3,6,44,12,15,18,21,24,27,30,33,36,39,42,45,48,51,54,57,60,63,66,69,72,75
X|swaps=52,41,21: 58,81,1,4,7,10,13,16,19,22,25,28,31,34,37,40,43,46,49,52,55,35,61,64,67,70,73,76,79,82,2,5,8,11,14,17,20,23,26,29,32,68,38,41,44,47,50,53,56,59,62,65,78,71,74,77,80,0,3,6,9,12,15,18,21,24,27,30,33,36,39,42,45,48,51,54,57,60,63,66,69,72,75
Y|swaps=56,40,11: 28,81,1,4,7,10,13,16,19,22,25,32,31,34,37,40,43,46,49,52,55,58,61,64,67,70,73,76,79,82,2,5,8,11,14,17,20,23,26,29,80,35,38,41,44,47,50,53,56,59,62,65,68,71,74,77,78,0,3,6,9,12,15,18,21,24,27,30,33,36,39,42,45,48,51,54,57,60,63,66,69,72,75
Z|swaps=47,42,65: 24,81,1,4,7,10,13,16,19,22,25,28,31,34,37,40,43,46,49,52,55,58,61,64,67,70,73,76,79,82,2,5,8,11,14,17,20,23,26,29,32,35,53,41,44,47,50,78,56,59,62,65,68,71,74,77,80,0,3,6,9,12,15,18,21,38,27,30,33,36,39,42,45,48,51,54,57,60,63,66,69,72,75
[ciphertexts]
1: UQ6cGP(!L!52RH_@k!2nQ>S@-knK7$4UpCQF4ZEs`,/$CP:3OHm$ksO+']W623$@MTFh6p$M]e?\60!bSsedJ8+',W%H![@jOF%"+U@!YZ,CFPeBGId[8!fZPiH!c=7]Z<p>Ic7Y=,I!0LhkYFI0cj]ng/cIjc)ZTV`g<3iOKI`<X:UmM"l7<kFM:'?798f0[F53qi!'8d>:(0i_dO@[:mM(Pe>r2f;MYer:c!XoYbcS?V<bW6ad`\5/V"2dDbV`C;a1g=ckbN$*VaUW:1Npak#["AdFa#We;+QF=ej\#;k1e@#-$m>i8@
2: AKr[&<8!KpY2Q<*!I8glQ?/,aT81l(1Arc,n\p:)Jc,PE^-6mgIJ<EBYNgr421mgOJZiBrL:d'YZBQk[WI`p"0;KQa4p0V#Flaihr=q*/`aVri_<aM%N-rI2<"jCWGFs`N^K"jQ/`$D."_"8m2fYrYc"P28@WHs]f3ZY@']s89P=;Lf0Z8r;p7?9L>'B\9G87-_'098e;:J',0`DeP[0Yld.a_fe6GlP*0WeAmD_I7'Aer(ZWD)K.-;e=K+r;,#Kj$n4og=;E:p'5o];:nT!Lo'd?!q&GT'jr[>F\lgc#^>I'Y;qsZ`$0cD;sXqSD`+OarHc9D+e`:oH4ec1f/gi+42fld1g/VRe
3: pq*7$+(=m85jOk+Jm57hWV+.K[a:U)!WV4>:]b=W8WjA-GnE&A6d%jn.5B$s!c&%:$.hb;c!;8LsGqEX2hOLGDqKY#4FfeChULfo'`+Cn+3O?EaL<k'3raE+TCJP"L3pRC59:UmAJR$:Lmp7&WojSm^G$ds>+S6";h/s^O2'C;csKs<95=jso0G;j=&1EM"K;=?)Gp$SB6W;!p_5S;4(A3&_UH0lM<hJ!()(iMTJ6G7*\n:hF67sGjF\pR"i9h2Fpk\QB9$khL,o!rp$c,Cd5ko+Q-
4: UQ6)jP(g*&Q%$jLCI+bQSeS&=%Z<RhS=oLicR[grY<Rc1]K\NLE3#'U@\LbYA^N.nLf^0$rd.Nd1,?@R_!q$'$s@"!YU3b`Om_3lEi:`H:5;asL_eVE5'Ls:B`-FW_5[&`K,nmg(-&dnZ]?`m$_WZ?(RSPA*b?q^'UJOPA\RrL%5-`rjDLPGVEUSjP5;Go^(=J5]F\#i("4gE&]Rq(`@KN+]U!r@hQo*N9J(c1a<*FJcQmR6%EBXGP3FBb'SYG!2BJbDkarUh4cG12lfbhq1#c>f2VHo%#:V)16codVG#A6)sT
5: UQ6c5W,]+7:6RH_@k+5&Oe/_s+G+CIAhQ+U^W_QhZE[YHG_h'PW<,6"R!_j<TA6_8`#2ZT)?^;YC@Sj`P`NY%SRWm\n0=@>Rm+WQ>n<rHNI@O><bnf"I,b@p(Uja<,s(/]AbU:fqjJVT4DfY;$qjH:gND+i:MYjKLDT:Y!$[bD\T!"0d5Tp`k#BL40ApN^KLfm:#0)[s$#I3a[/mnK#3@]ZgIFQ3']%lrB;&i\sF6.!UkHms;.bZ*L"_eU*`hg-"j->#VmKU+]h>kKm-Y"1(TUD]-8(
6: pq*7$+(=meq7O+=pnjX7@+J.Q7@_1?!FeW.<_:N[e!RACUN`lXRe-LNrm"4e]%L"6aP_<]g*pfABDc4aXa#A\crR5+3G^D8r5qRO83eQC#FD!8e$3ZNF-$D(WM4;e-=W9b%$MKZH4V@]/7ZAfkH4CKj#7qlHP9jkT\A.U9<ji>qLDQ.Ue\_LGja\JY(P*<eGQJ(A*MQJ1rSAI:UJ2JTKfO\36K#gFT\'3#G<sZ4`rgpBPGKDJ4ECGD&l(q1FKEn&UIRFp,Or1F!E+^UpcJ!+,0lac?Z`j0&sIA5P(aIf)6b5[JLAf+5>IT%6Y$>
8: UQ6c5W,]+7:6RH_@k+5&Oe/_s+G+CIAhQ+U^W_QhZE[YHG_h'PW<,6"R!_j<TA6_8`#2ZT)?^;YC@Sj`P`NY%SRWm\n0=@>Rm+WQ>n<rHNI@O><bnf"I,b@p(Uja<,s(/]AbU:fqjJVT4DfY;$qjH:gND+i:MYjKLDT:Y!$[bD\T!"0d5Tp`k#BL40ApN^KLfm:#0)[s$#I3a[/mnK#3@]ZgIFQ3']%lrB;&i\sF6.!UkHms;.bZ*L"_eU*`hg-"j->#VmKU+]h>kKm-Y"1(TUD]-8(
9: h)<o;mcZpo^j#!*fIdoS#*Z?/@oK0K[i_Uo1ZBXhngi+WFBhrg,F%G<g@+h>:%qg+CD.d%(qXjCZYq)'lk6:nC[)FW>:#3+0"F^ig,\$VmD3R[,FVHq8s7/(DrH8*q0r7AT1[QDNrAI7>"QWID92]mfAWL2d-/Z0m41OM-5Zb57$E`AG#[_Ir.lA7+N.[C;a"I<9-0]!a=XE9!(I%/=1RW(Po3Q1RXW>r31E4im>/-`G!,g:"qFG85/q"N6lCD[rF08Dc1P]r4]Q+U:%8Xe1Qa%:]Br&@*8Qpg:'&QI@SWr:-?pI.+"-QYao
end
vector ns=3 seed=0x51a7000000010003
[mapping]
A|swaps=38,67,16: 43,81,1,4,7,10,13,16,19,22,25,28,31,34,37,40,30,46,49,52,55,58,61,64,67,70,73,76,79,82,2,5,8,11,14,17,20,23,78,29,32,35,38,41,44,47,50,53,56,59,62,65,68,71,74,77,80,0,3,6,9,12,15,18,21,24,27,26,33,36,39,42,45,48,51,54,57,60,63,66,69,72,75
B|swaps=58,14,1: 81,37,1,4,7,10,13,16,19,22,25,28,31,34,3,40,43,46,49,52,55,58,61,64,67,70,73,76,79,82,2,5,8,11,14,17,20,23,26,29,32,35,38,41,44,47,50,53,56,59,62,65,68,71,74,77,80,0,78,6,9,12,15,18,21,24,27,30,33,36,39,42,45,48,51,54,57,60,63,66,69,72,75
C|swaps=59,3,58: 3,81,1,6,7,10,13,16,19,22,25,28,31,34,37,40,43,46,49,52,55,58,61,64,67,70,73,76,79,82,2,5,8,11,14,17,20,23,26,29,32,35,38,41,44,47,50,53,56,59,62,65,68,71,74,77,80,0,4,78,9,12,15,18,21,24,27,30,33,36,39,42,45,48,51,54,57,60,63,66,69,72,75
D|swaps=22,61,53: 71,81,1,4,7,10,13,16,19,22,25,28,31,34,37,40,43,46,49,52,55,58,78,64,67,70,73,76,79,82,2,5,8,11,14,17,20,23,26,29,32,35,38,41,44,47,50,53,56,59,62,65,68,12,74,77,80,0,3,6,9,61,15,18,21,24,27,30,33,36,39,42,45,48,51,54,57,60,63,66,69,72,75
E|swaps=11,2,13: 34,81,28,4,7,10,13,16,19,22,25,78,31,1,37,40,43,46,49,52,55,58,61,64,67,70,73,76,79,82,2,5,8,11,14,17,20,23,26,29,32,35,38,41,44,47,50,53,56,59,62,65,68,71,74,77,80,0,3,6,9,12,15,18,21,24,27,30,33,36,39,42,45,48,51,54,57,60,63,66,69,72,75
F|swaps=55,54,44: 44,81,1,4,7,10,13,16,19,22,25,28,31,34,37,40,43,46,49,52,55,58,61,64,67,70,73,76,79,82,2,5,8,11,14,17,20,23,26,29,32,35,38,41,74,47,50,53,56,59,62,65,68,71,77,78,80,0,3,6,9,12,15,18,21,24,27,30,33,36,39,42,45,48,51,54,57,60,63,66,69,72,75
G|swaps=5,41,32: 8,81,1,4,7,78,13,16,19,22,25,28,31,34,37,40,43,46,49,52,55,58,61,64,67,70,73,76,79,82,2,5,35,11,14,17,20,23,26,29,32,10,38,41,44,47,50,53,56,59,62,65,68,71,74,77,80,0,3,6,9,12,15,18,21,24,27,30,33,36,39,42,45,48,51,54,57,60,63,66,69,72,75
H|swaps=34,13,61: 12,81,1,4,7,10,13,16,19,22,25,28,31,14,37,40,43,46,49,52,55,58,61,64,67,70,73,76,79,82,2,5,8,11,78,17,20,23,26,29,32,35,38,41,44,47,50,53,56,59,62,65,68,71,74,77,80,0,3,6,9,34,15,18,21,24,27,30,33,36,39,42,45,48,51,54,57,60,63,66,69,72,75
I|swaps=58,77,0: 60,81,1,4,7,10,13,16,19,22,25,28,31,34,37,40,43,46,49,52,55,58,61,64,67,70,73,76,79,82,2,5,8,11,14,17,20,23,26,29,32,35,38,41,44,47,50,53,56,59,62,65,68,71,74,77,80,0,78,6,9,12,15,18,21,24,27,30,33,36,39,42,45,48,51,54,57,3,63,66,69,72,75
J|swaps=57,18,27: 76,81,1,4,7,10,13,16,19,22,25,28,31,34,37,40,43,46,0,52,55,58,61,64,67,70,73,49,79,82,2,5,8,11,14,17,20,23,26,29,32,35,38,41,44,47,50,53,56,59,62,65,68,71,74,77,80,78,3,6,9,12,15,18,21,24,27,30,33,36,39,42,45,48,51,54,57,60,63,66,69,72,75
K|swaps=3,0,66: 27,81,1,78,7,10,13,16,19,22,25,28,31,34,37,40,43,46,49,52,55,58,61,64,67,70,73,76,79,82,2,5,8,11,14,17,20,23,26,29,32,35,38,41,44,47,50,53,56,59,62,65,68,71,74,77,80,0,3,6,9,12,15,18,21,24,4,30,33,36,39,42,45,48,51,54,57,60,63,66,69,72,75
L|swaps=4,7,35: 17,81,1,4,78,10,13,7,19,22,25,28,31,34,37,40,43,46,49,52,55,58,61,64,67,70,73,76,79,82,2,5,8,11,14,16,20,23,26,29,32,35,38,41,44,47,50,53,56,59,62,65,68,71,74,77,80,0,3,6,9,12,15,18,21,24,27,30,33,36,39,42,45,48,51,54,57,60,63,66,69,72,75
M|swaps=70,70,55: 77,81,1,4,7,10,13,16,19,22,25,28,31,34,37,40,43,46,49,52,55,58,61,64,67,70,73,76,79,82,2,5,8,11,14,17,20,23,26,29,32,35,38,41,44,47,50,53,56,59,62,65,68,71,74,78,80,0,3,6,9,12,15,18,21,24,27,30,33,36,39,42,45,48,51,54,57,60,63,66,69,72,75
N|swaps=5,70,24: 67,81,1,4,7,78,13,16,19,22,25,28,31,34,37,40,43,46,49,52,55,58,61,64,39,70,73,76,79,82,2,5,8,11,14,17,20,23,26,29,32,35,38,41,44,47,50,53,56,59,62,65,68,71,74,77,80,0,3,6,9,12,15,18,21,24,27,30,33,36,10,42,45,48,51,54,57,60,63,66,69,72,75
O|swaps=57,73,18: 49,81,1,4,7,10,13,16,19,22,25,28,31,34,37,40,43,46,48,52,55,58,61,64,67,70,73,76,79,82,2,5,8,11,14,17,20,23,26,29,32,35,38,41,44,47,50,53,56,59,62,65,68,71,74,77,80,78,3,6,9,12,15,18,21,24,27,30,33,36,39,42,45,0,51,54,57,60,63,66,69,72,75
P|swaps=78,55,36: 20,81,1,4,7,10,13,16,19,22,25,28,31,34,37,40,43,46,49,52,55,58,61,64,67,70,73,76,79,82,2,5,8,11,14,17,77,23,26,29,32,35,38,41,44,47,50,53,56,59,62,65,68,71,74,63,80,0,3,6,9,12,15,18,21,24,27,30,33,36,39,42,45,48,51,54,57,60,78,66,69,72,75
Q|swaps=29,17,3: 4,81,1,46,7,10,13,16,19,22,25,28,31,34,37,40,43,82,49,52,55,58,61,64,67,70,73,76,79,78,2,5,8,11,14,17,20,23,26,29,32,35,38,41,44,47,50,53,56,59,62,65,68,71,74,77,80,0,3,6,9,12,15,18,21,24,27,30,33,36,39,42,45,48,51,54,57,60,63,66,69,72,75
R|swaps=20,25,15: 40,81,1,4,7,10,13,16,19,22,25,28,31,34,37,70,43,46,49,52,78,58,61,64,67,55,73,76,79,82,2,5,8,11,14,17,20,23,26,29,32,35,38,41,44,47,50,53,56,59,62,65,68,71,74,77,80,0,3,6,9,12,15,18,21,24,27,30,33,36,39,42,45,48,51,54,57,60,63,66,69,72,75
S|swaps=39,73,21: 58,81,1,4,7,10,13,16,19,22,25,28,31,34,37,40,43,46,49,52,55,48,61,64,67,70,73,76,79,82,2,5,8,11,14,17,20,23,26,78,32,35,38,41,44,47,50,53,56,59,62,65,68,71,74,77,80,0,3,6,9,12,15,18,21,24,27,30,33,36,39,42,45,29,51,54,57,60,63,66,69,72,75
T|swaps=35,73,12: 31,81,1,4,7,10,13,16,19,22,25,28,48,34,37,40,43,46,49,52,55,58,61,64,67,70,73,76,79,82,2,5,8,11,14,78,20,23,26,29,32,35,38,41,44,47,50,53,56,59,62,65,68,71,74,77,80,0,3,6,9,12,15,18,21,24,27,30,33,36,39,42,45,17,51,54,57,60,63,66,69,72,75
U|swaps=66,14,59: 6,81,1,4,7,10,13,16,19,22,25,28,31,34,27,40,43,46,49,52,55,58,61,64,67,70,73,76,79,82,2,5,8,11,14,17,20,23,26,29,32,35,38,41,44,47,50,53,56,59,62,65,68,71,74,77,80,0,3,37,9,12,15,18,21,24,78,30,33,36,39,42,45,48,51,54,57,60,63,66,69,72,75
V|swaps=71,81,48: 56,81,1,4,7,10,13,16,19,22,25,28,31,34,37,40,43,46,49,52,55,58,61,64,67,70,73,76,79,82,2,5,8,11,14,17,20,23,26,29,32,35,38,41,44,47,50,53,72,59,62,65,68,71,74,77,80,0,3,6,9,12,15,18,21,24,27,30,33,36,39,78,45,48,51,54,57,60,63,66,69,42,75
W|swaps=57,74,23: 64,81,1,4,7,10,13,16,19,22,25,28,31,34,37,40,43,46,49,52,55,58,61,51,67,70,73,76,79,82,2,5,8,11,14,17,20,23,26,29,32,35,38,41,44,47,50,53,56,59,62,65,68,71,74,77,80,78,3,6,9,12,15,18,21,24,27,30,33,36,39,42,45,48,0,54,57,60,63,66,69,72,75
X|swaps=75,5,39: 29,81,1,4,7,54,13,16,19,22,25,28,31,34,37,40,43,46,49,52,55,58,61,64,67,70,73,76,79,82,2,5,8,11,14,17,20,23,26,10,32,35,38,41,44,47,50,53,56,59,62,65,68,71,74,77,80,0,3,6,9,12,15,18,21,24,27,30,33,36,39,42,45,48,51,78,57,60,63,66,69,72,75
Y|swaps=15,63,33: 11,81,1,4,7,10,13,16,19,22,25,28,31,34,37,78,43,46,49,52,55,58,61,64,67,70,73,76,79,82,2,5,8,18,14,17,20,23,26,29,32,35,38,41,44,47,50,53,56,59,62,65,68,71,74,77,80,0,3,6,9,12,15,40,21,24,27,30,33,36,39,42,45,48,51,54,57,60,63,66,69,72,75
Z|swaps=48,56,14: 37,81,1,4,7,10,13,16,19,22,25,28,31,34,80,40,43,46,49,52,55,58,61,64,67,70,73,76,79,82,2,5,8,11,14,17,20,23,26,29,32,35,38,41,44,47,50,53,78,59,62,65,68,71,74,77,56,0,3,6,9,12,15,18,21,24,27,30,33,36,39,42,45,48,51,54,57,60,63,66,69,72,75
[ciphertexts]
1: @Q`(O-[D%_GL;AohMUGC7e`3rZG;pPhca.r9lE"^8,%.:9</Q!F3qk(>7-+:e31k%Geq9!$kas8OQdM%<4IjPG\79>@-IM.#4/$3@C8%`:nYs5Q4;M?NTY"57Aj)h&L9O%+TbQnCo!Ol(]o.A&"lsp#kWSF4sIY]^)n*<9EimZo*Aq(faIR,s)nf>JmS6-./O<\sYp`-DK5q[sfODaVFTJ]Pm#9=,:dZ[p9S%(1U]Sg"9o-MfWB$l;DEjq"Z(`IT4o$3.S5j'eLr/)igCdZ.U8\&ZL3j48DRIX_dD]286S\&Db;_:n<%!E
2: d.*mUSADd8kL>IJ)k"gQ,Z#l1KmOS*q>"PX;iC0=AI_s+MHU!)A\<qpQ#hEK(O<`r'q:D2/,@Eeg!sFI']f(p_mM6%5`pR9h!2cI<.kRL#S"HnbW/gMP0l8(2.m&8#p`K(A+Vd^7HMh?;"f>b1_EKZT'R#NlWA86TYD-/&8bc5a(gX\k)N-J#+_9o*(\IhW;2`b0)5W-3a_kE!#]*P^c9rO+aA*mQ\X,ZLrpWlIqS52`!XE^GkRW_Ij(/n&k-mH:@YfLI#-^H+9#m%&BH56]Pn\"Ec8&GRXF2aU>8\rsc(-_U$M&NAH()_;2I3F#Hl*NXpO3rM-\.<Pi86>A+4C&)*\m<W(rhXI`
3: h*Mbae[ml!`H[ZBc/!JiA?prRG,[3BSNE-+mD<aP8c#Y>JWT9."*la,Z%]g_J=lP>]of"(TqkX_r#C8+nqhJ%MPf1Z%<g9eMYf4]Ka>n=?/$;rka'-bQErMS*"+[GF>T_,gnA-K]Nb[!'-XHkRZ"O\q[%Wji,KsAVMD'VBrMSZqHg".$^QkeRmO"2KWFCN(cZ+p@`MhI!l[P%'c.;9Y3MefZQAh&WlCB(ZcL]s)PpUr,[LFs1hf=AE[O<rQDi=:p]BY@'2n%l,&?XUF<B0O$cV#Q,X
4: @Q`"i-@,:S)BCepD_$M<TAX7Uh.=I^`7gk"D:ci817K%#r+\SV$JF58EZ^Un-=P$Mc-l0R+?Vs.,=>#)C:gsKEaMh!Z/U@IEjMbc6^TCK1QD(4V^;&O%04Ek,8)l9`T+.-UCg&6c7OlG#CWLYXM6,Cr:!mDSK-c?eT6Fp@gE/&B1Jc(@W%Ylam6kT%-=b[KfN:gJVF*(MjPQfDZlY'97p%e`GfTHiN\5,I/oA",G'%Zo1#R]hNbH9oE#B`SUe,ZOY0j])4YH"2'0[]<b&SI0pKLQs(1X\Y=/*;m8]LPg?nrJEH
5: @Q`(-,N+Mg_4*AC[rpCs6[$@-m0Q13:8ZO!j`QF4+D^eYV@IWnT[&'=9,#NpV1\i"][Od@8A&b+9^sY@V;U*7#Wf6_,;D*q&dXAa,`R68rgXkWUs"npFBN9_bo<fDRsP`3VC)8_<Z1#`;!im3-Ml^AbG>EO6p=hQaN0<pBer^q/3p[Gij=W5.lrfG@;_^ERd0k>"cnL<14A^GnK)NI-DW;M0`G.@8kZib_Y)>/V[UgnNBT]`!;IE-9WT[`<G_15UB$d&H)b1J62+.)TQ"8D#(RIk$2*
6: h*Mbae[mlj)_JI[G#'oB\=pr_"LV9RF#Zr)/I'M64ia%2;o_&Gp['sDl@]Sk;V6cqZ[rPob+'84ln$2o;iJ0M]&1\?@iW0U'PA+p@IQ\bHmA*&J$qGke>Sl?8gN1WQ$.I`;59b?NYV]Ii:c"`!<dn+8ahRZlUR;)J-9H&VI`DWY3RPE.U4baXMg>CTOiP?XYmQI%DLs6"HV.M,RaP>S4]O)k$&d-URIf<&4(FbD.!fWPNa_-s`>?NG%:fc7i>l*!,"<H6(20*;1L!+^\bI%LfjC5>G:Y(6J@SE-GZYmU+$Wf>R!#9-W(MQ'<E0%
8: @Q`(-,N+Mg_4*AC[rpCs6[$@-m0Q13:8ZO!j`QF4+D^eYV@IWnT[&'=9,#NpV1\i"][Od@8A&b+9^sY@V;U*7#Wf6_,;D*q&dXAa,`R68rgXkWUs"npFBN9_bo<fDRsP`3VC)8_<Z1#`;!im3-Ml^AbG>EO6p=hQaN0<pBer^q/3p[Gij=W5.lrfG@;_^ERd0k>"cnL<14A^GnK)NI-DW;M0`G.@8kZib_Y)>/V[UgnNBT]`!;IE-9WT[`<G_15UB$d&H)b1J62+.)TQ"8D#(RIk$2*
9: '?G8UL:0TEH&!jJWHGcB,jSheiZ!%:gDNE2DlQTA7%KYP9hBJ)@%ifQ*?q".E4KD?&':J0cPbL%Cn2)MSB:]%57?Jf<k!*M4Y38OS6o_c.b3+"?'%)EBl;+$?IA-f=K;q1Bj89f.)"cGCeU#TglXVRE$1cpijhgr4[?)!U$TeC"jOgZ_c(F#\+W46O`9S<@B(4*:@WK!A+/C53=q:RmE%U`(l/fB=G!9\Wf[d^HCKUADb[h+JfO(iqX;=8-oKBTGXP=c"AI#fqF^!6bUI$L3V4bX<@0JdMD#C?9V6N7.KcJ2<qs8?"b2opG]
end
